set_program_name,0 6862,18446744073709551615 993138,1722020187 775141,18446744071987531428 224859
set_program_name,0 6862,0 185,1722020187 775141,0 1525
initialize_exit_failure,0 7101,18446744073709551615 992899,1722020187 776970,18446744071987531428 223030
initialize_exit_failure,0 7101,0 56,1722020187 776970,0 156
decode_switches,0 7208,18446744073709551615 992792,1722020187 777316,18446744071987531428 222684
human_options,0 7266,18446744073709551615 992734,1722020187 777597,18446744071987531428 222403
humblock,0 7321,18446744073709551615 992679,1722020187 777767,18446744071987531428 222233
default_block_size,0 7441,18446744073709551615 992559,1722020187 778073,18446744071987531428 221927
default_block_size,0 7441,0 38,1722020187 778073,0 88
humblock,0 7321,0 181,1722020187 777767,0 474
human_options,0 7266,0 260,1722020187 777597,0 711
stdout_isatty,0 7550,18446744073709551615 992450,1722020187 778462,18446744071987531428 221538
stdout_isatty,0 7550,0 37,1722020187 778462,0 329
stdout_isatty,0 7616,18446744073709551615 992384,1722020187 778849,18446744071987531428 221151
stdout_isatty,0 7616,0 33,1722020187 778849,0 107
stdout_isatty,0 7687,18446744073709551615 992313,1722020187 779087,18446744071987531428 220913
stdout_isatty,0 7687,0 43,1722020187 779087,0 153
getenv_quoting_style,0 7757,18446744073709551615 992243,1722020187 779311,18446744071987531428 220689
getenv_quoting_style,0 7757,0 19,1722020187 779311,0 63
stdout_isatty,0 7795,18446744073709551615 992205,1722020187 779437,18446744071987531428 220563
stdout_isatty,0 7795,0 20,1722020187 779437,0 64
set_quoting_style,0 7838,18446744073709551615 992162,1722020187 779569,18446744071987531428 220431
set_quoting_style,0 7838,0 22,1722020187 779569,0 65
get_quoting_style,0 7881,18446744073709551615 992119,1722020187 779698,18446744071987531428 220302
get_quoting_style,0 7881,0 38,1722020187 779698,0 117
clone_quoting_options,0 7962,18446744073709551615 992038,1722020187 779950,18446744071987531428 220050
xmemdup,0 8006,18446744073709551615 991994,1722020187 780094,18446744071987531428 219906
xmalloc,0 8054,18446744073709551615 991946,1722020187 780250,18446744071987531428 219750
check_nonnull,0 8115,18446744073709551615 991885,1722020187 780428,18446744071987531428 219572
check_nonnull,0 8115,0 42,1722020187 780428,0 132
xmalloc,0 8054,0 131,1722020187 780250,0 400
xmemdup,0 8006,0 208,1722020187 780094,0 667
clone_quoting_options,0 7962,0 276,1722020187 779950,0 1052
clone_quoting_options,0 8265,18446744073709551615 991735,1722020187 781148,18446744071987531428 218852
xmemdup,0 8290,18446744073709551615 991710,1722020187 781245,18446744071987531428 218755
xmalloc,0 8315,18446744073709551615 991685,1722020187 781345,18446744071987531428 218655
check_nonnull,0 8365,18446744073709551615 991635,1722020187 781486,18446744071987531428 218514
check_nonnull,0 8365,0 29,1722020187 781486,0 228
xmalloc,0 8315,0 106,1722020187 781345,0 486
xmemdup,0 8290,0 155,1722020187 781245,0 773
clone_quoting_options,0 8265,0 204,1722020187 781148,0 949
set_char_quoting,0 8487,18446744073709551615 991513,1722020187 782144,18446744071987531428 217856
set_char_quoting,0 8487,0 16,1722020187 782144,0 68
decode_switches,0 7208,0 1318,1722020187 777316,0 5007
tzalloc,0 8547,18446744073709551615 991453,1722020187 782427,18446744071987531428 217573
tzalloc,0 8547,0 24,1722020187 782427,0 121
xnmalloc,0 8595,18446744073709551615 991405,1722020187 782681,18446744071987531428 217319
xreallocarray,0 8618,18446744073709551615 991382,1722020187 782816,18446744071987531428 217184
xreallocarray,0 8618,0 33,1722020187 782816,0 204
xnmalloc,0 8595,0 84,1722020187 782681,0 457
clear_files,0 8698,18446744073709551615 991302,1722020187 783254,18446744071987531428 216746
clear_files,0 8698,0 20,1722020187 783254,0 67
queue_directory,0 8738,18446744073709551615 991262,1722020187 783385,18446744071987531428 216615
xmalloc,0 8761,18446744073709551615 991239,1722020187 783451,18446744071987531428 216549
check_nonnull,0 8785,18446744073709551615 991215,1722020187 783518,18446744071987531428 216482
check_nonnull,0 8785,0 23,1722020187 783518,0 67
xmalloc,0 8761,0 92,1722020187 783451,0 704
xstrdup,0 8862,18446744073709551615 991138,1722020187 784167,18446744071987531428 215833
xmemdup,0 8876,18446744073709551615 991124,1722020187 784180,18446744071987531428 215820
xmalloc,0 8902,18446744073709551615 991098,1722020187 784269,18446744071987531428 215731
check_nonnull,0 8918,18446744073709551615 991082,1722020187 784292,18446744071987531428 215708
check_nonnull,0 8918,0 14,1722020187 784292,0 20
xmalloc,0 8902,0 40,1722020187 784269,0 58
xmemdup,0 8876,0 77,1722020187 784180,0 162
xstrdup,0 8862,0 102,1722020187 784167,0 190
queue_directory,0 8738,0 232,1722020187 783385,0 982
print_dir,0 8976,18446744073709551615 991024,1722020187 784377,18446744071987531428 215623
clear_files,0 8982,18446744073709551615 991018,1722020187 784409,18446744071987531428 215591
clear_files,0 8982,0 7,1722020187 784409,0 35
file_ignored,0 9010,18446744073709551615 990990,1722020187 784554,18446744071987531428 215446
file_ignored,0 9010,0 32,1722020187 784554,0 122
process_signals,0 9049,18446744073709551615 990951,1722020187 784697,18446744071987531428 215303
process_signals,0 9049,0 6,1722020187 784697,0 10
file_ignored,0 9061,18446744073709551615 990939,1722020187 784716,18446744071987531428 215284
file_ignored,0 9061,0 5,1722020187 784716,0 9
process_signals,0 9072,18446744073709551615 990928,1722020187 784734,18446744071987531428 215266
process_signals,0 9072,0 6,1722020187 784734,0 9
file_ignored,0 9084,18446744073709551615 990916,1722020187 784752,18446744071987531428 215248
patterns_match,0 9089,18446744073709551615 990911,1722020187 784761,18446744071987531428 215239
patterns_match,0 9089,0 6,1722020187 784761,0 9
patterns_match,0 9101,18446744073709551615 990899,1722020187 784779,18446744071987531428 215221
patterns_match,0 9101,0 5,1722020187 784779,0 8
file_ignored,0 9084,0 28,1722020187 784752,0 44
gobble_file,0 9118,18446744073709551615 990882,1722020187 784805,18446744071987531428 215195
needs_quoting,0 9123,18446744073709551615 990877,1722020187 784815,18446744071987531428 215185
quotearg_buffer,0 9132,18446744073709551615 990868,1722020187 784827,18446744071987531428 215173
quotearg_buffer_restyled,0 9140,18446744073709551615 990860,1722020187 784838,18446744071987531428 215162
quotearg_buffer_restyled,0 9140,0 7,1722020187 784838,0 11
quotearg_buffer,0 9132,0 22,1722020187 784827,0 33
needs_quoting,0 9123,0 37,1722020187 784815,0 54
xstrdup,0 9167,18446744073709551615 990833,1722020187 784880,18446744071987531428 215120
xmemdup,0 9175,18446744073709551615 990825,1722020187 784891,18446744071987531428 215109
xmalloc,0 9183,18446744073709551615 990817,1722020187 784902,18446744071987531428 215098
check_nonnull,0 9191,18446744073709551615 990809,1722020187 784914,18446744071987531428 215086
check_nonnull,0 9191,0 8,1722020187 784914,0 10
xmalloc,0 9183,0 24,1722020187 784902,0 33
xmemdup,0 9175,0 40,1722020187 784891,0 55
xstrdup,0 9167,0 55,1722020187 784880,0 77
gobble_file,0 9118,0 110,1722020187 784805,0 161
process_signals,0 9234,18446744073709551615 990766,1722020187 784975,18446744071987531428 215025
process_signals,0 9234,0 6,1722020187 784975,0 9
file_ignored,0 9245,18446744073709551615 990755,1722020187 784993,18446744071987531428 215007
patterns_match,0 9251,18446744073709551615 990749,1722020187 785002,18446744071987531428 214998
patterns_match,0 9251,0 5,1722020187 785002,0 8
patterns_match,0 9262,18446744073709551615 990738,1722020187 785019,18446744071987531428 214981
patterns_match,0 9262,0 5,1722020187 785019,0 9
file_ignored,0 9245,0 28,1722020187 784993,0 44
gobble_file,0 9279,18446744073709551615 990721,1722020187 785045,18446744071987531428 214955
needs_quoting,0 9284,18446744073709551615 990716,1722020187 785054,18446744071987531428 214946
quotearg_buffer,0 9291,18446744073709551615 990709,1722020187 785064,18446744071987531428 214936
quotearg_buffer_restyled,0 9299,18446744073709551615 990701,1722020187 785075,18446744071987531428 214925
quotearg_buffer_restyled,0 9299,0 11,1722020187 785075,0 30
quotearg_buffer,0 9291,0 28,1722020187 785064,0 147
needs_quoting,0 9284,0 57,1722020187 785054,0 253
xstrdup,0 9357,18446744073709551615 990643,1722020187 785327,18446744071987531428 214673
xmemdup,0 9419,18446744073709551615 990581,1722020187 785514,18446744071987531428 214486
xmalloc,0 9435,18446744073709551615 990565,1722020187 785536,18446744071987531428 214464
check_nonnull,0 9445,18446744073709551615 990555,1722020187 785552,18446744071987531428 214448
check_nonnull,0 9445,0 9,1722020187 785552,0 12
xmalloc,0 9435,0 31,1722020187 785536,0 86
xmemdup,0 9419,0 56,1722020187 785514,0 120
xstrdup,0 9357,0 126,1722020187 785327,0 318
gobble_file,0 9279,0 210,1722020187 785045,0 610
process_signals,0 9495,18446744073709551615 990505,1722020187 785664,18446744071987531428 214336
process_signals,0 9495,0 6,1722020187 785664,0 9
file_ignored,0 9507,18446744073709551615 990493,1722020187 785683,18446744071987531428 214317
patterns_match,0 9513,18446744073709551615 990487,1722020187 785692,18446744071987531428 214308
patterns_match,0 9513,0 6,1722020187 785692,0 9
patterns_match,0 9569,18446744073709551615 990431,1722020187 785918,18446744071987531428 214082
patterns_match,0 9569,0 7,1722020187 785918,0 11
file_ignored,0 9507,0 75,1722020187 785683,0 256
gobble_file,0 9589,18446744073709551615 990411,1722020187 785949,18446744071987531428 214051
needs_quoting,0 9594,18446744073709551615 990406,1722020187 785958,18446744071987531428 214042
quotearg_buffer,0 9603,18446744073709551615 990397,1722020187 785970,18446744071987531428 214030
quotearg_buffer_restyled,0 9610,18446744073709551615 990390,1722020187 785981,18446744071987531428 214019
quotearg_buffer_restyled,0 9610,0 8,1722020187 785981,0 12
quotearg_buffer,0 9603,0 23,1722020187 785970,0 33
needs_quoting,0 9594,0 38,1722020187 785958,0 55
xstrdup,0 9640,18446744073709551615 990360,1722020187 786024,18446744071987531428 213976
xmemdup,0 9650,18446744073709551615 990350,1722020187 786127,18446744071987531428 213873
xmalloc,0 9658,18446744073709551615 990342,1722020187 786139,18446744071987531428 213861
check_nonnull,0 9666,18446744073709551615 990334,1722020187 786150,18446744071987531428 213850
check_nonnull,0 9666,0 8,1722020187 786150,0 12
xmalloc,0 9658,0 54,1722020187 786139,0 67
xmemdup,0 9650,0 74,1722020187 786127,0 96
xstrdup,0 9640,0 93,1722020187 786024,0 212
gobble_file,0 9589,0 150,1722020187 785949,0 296
process_signals,0 9745,18446744073709551615 990255,1722020187 786255,18446744071987531428 213745
process_signals,0 9745,0 6,1722020187 786255,0 9
file_ignored,0 9757,18446744073709551615 990243,1722020187 786274,18446744071987531428 213726
patterns_match,0 9763,18446744073709551615 990237,1722020187 786283,18446744071987531428 213717
patterns_match,0 9763,0 6,1722020187 786283,0 9
patterns_match,0 9775,18446744073709551615 990225,1722020187 786301,18446744071987531428 213699
patterns_match,0 9775,0 5,1722020187 786301,0 9
file_ignored,0 9757,0 29,1722020187 786274,0 45
gobble_file,0 9791,18446744073709551615 990209,1722020187 786327,18446744071987531428 213673
needs_quoting,0 9797,18446744073709551615 990203,1722020187 786336,18446744071987531428 213664
quotearg_buffer,0 9804,18446744073709551615 990196,1722020187 786346,18446744071987531428 213654
quotearg_buffer_restyled,0 9811,18446744073709551615 990189,1722020187 786357,18446744071987531428 213643
quotearg_buffer_restyled,0 9811,0 8,1722020187 786357,0 11
quotearg_buffer,0 9804,0 22,1722020187 786346,0 32
needs_quoting,0 9797,0 35,1722020187 786336,0 52
xstrdup,0 9840,18446744073709551615 990160,1722020187 786398,18446744071987531428 213602
xmemdup,0 9863,18446744073709551615 990137,1722020187 786426,18446744071987531428 213574
xmalloc,0 9895,18446744073709551615 990105,1722020187 786462,18446744071987531428 213538
check_nonnull,0 9904,18446744073709551615 990096,1722020187 786475,18446744071987531428 213525
check_nonnull,0 9904,0 8,1722020187 786475,0 12
xmalloc,0 9895,0 26,1722020187 786462,0 36
xmemdup,0 9863,0 65,1722020187 786426,0 83
xstrdup,0 9840,0 96,1722020187 786398,0 122
gobble_file,0 9791,0 151,1722020187 786327,0 201
process_signals,0 9971,18446744073709551615 990029,1722020187 786956,18446744071987531428 213044
process_signals,0 9971,0 106,1722020187 786956,0 141
file_ignored,0 10083,18446744073709551615 989917,1722020187 787107,18446744071987531428 212893
patterns_match,0 10089,18446744073709551615 989911,1722020187 787117,18446744071987531428 212883
patterns_match,0 10089,0 6,1722020187 787117,0 9
patterns_match,0 10101,18446744073709551615 989899,1722020187 787134,18446744071987531428 212866
patterns_match,0 10101,0 6,1722020187 787134,0 35
file_ignored,0 10083,0 30,1722020187 787107,0 71
gobble_file,0 10119,18446744073709551615 989881,1722020187 787187,18446744071987531428 212813
needs_quoting,0 10125,18446744073709551615 989875,1722020187 787196,18446744071987531428 212804
quotearg_buffer,0 10141,18446744073709551615 989859,1722020187 787264,18446744071987531428 212736
quotearg_buffer_restyled,0 10154,18446744073709551615 989846,1722020187 787282,18446744071987531428 212718
quotearg_buffer_restyled,0 10154,0 8,1722020187 787282,0 12
quotearg_buffer,0 10141,0 28,1722020187 787264,0 41
needs_quoting,0 10125,0 50,1722020187 787196,0 118
xstrdup,0 10189,18446744073709551615 989811,1722020187 787333,18446744071987531428 212667
xmemdup,0 10199,18446744073709551615 989801,1722020187 787348,18446744071987531428 212652
xmalloc,0 10208,18446744073709551615 989792,1722020187 787394,18446744071987531428 212606
check_nonnull,0 10216,18446744073709551615 989784,1722020187 787406,18446744071987531428 212594
check_nonnull,0 10216,0 8,1722020187 787406,0 11
xmalloc,0 10208,0 26,1722020187 787394,0 36
xmemdup,0 10199,0 42,1722020187 787348,0 92
xstrdup,0 10189,0 61,1722020187 787333,0 120
gobble_file,0 10119,0 137,1722020187 787187,0 275
process_signals,0 10262,18446744073709551615 989738,1722020187 787471,18446744071987531428 212529
process_signals,0 10262,0 31,1722020187 787471,0 35
file_ignored,0 10306,18446744073709551615 989694,1722020187 787906,18446744071987531428 212094
patterns_match,0 10348,18446744073709551615 989652,1722020187 787952,18446744071987531428 212048
patterns_match,0 10348,0 6,1722020187 787952,0 10
patterns_match,0 10359,18446744073709551615 989641,1722020187 787970,18446744071987531428 212030
patterns_match,0 10359,0 6,1722020187 787970,0 9
file_ignored,0 10306,0 66,1722020187 787906,0 171
gobble_file,0 10378,18446744073709551615 989622,1722020187 788087,18446744071987531428 211913
needs_quoting,0 10384,18446744073709551615 989616,1722020187 788096,18446744071987531428 211904
quotearg_buffer,0 10394,18446744073709551615 989606,1722020187 788109,18446744071987531428 211891
quotearg_buffer_restyled,0 10401,18446744073709551615 989599,1722020187 788120,18446744071987531428 211880
quotearg_buffer_restyled,0 10401,0 7,1722020187 788120,0 10
quotearg_buffer,0 10394,0 22,1722020187 788109,0 32
needs_quoting,0 10384,0 37,1722020187 788096,0 54
xstrdup,0 10429,18446744073709551615 989571,1722020187 788161,18446744071987531428 211839
xmemdup,0 10437,18446744073709551615 989563,1722020187 788173,18446744071987531428 211827
xmalloc,0 10445,18446744073709551615 989555,1722020187 788185,18446744071987531428 211815
check_nonnull,0 10489,18446744073709551615 989511,1722020187 788277,18446744071987531428 211723
check_nonnull,0 10489,0 9,1722020187 788277,0 12
xmalloc,0 10445,0 61,1722020187 788185,0 115
xmemdup,0 10437,0 77,1722020187 788173,0 138
xstrdup,0 10429,0 92,1722020187 788161,0 161
gobble_file,0 10378,0 149,1722020187 788087,0 244
process_signals,0 10533,18446744073709551615 989467,1722020187 788340,18446744071987531428 211660
process_signals,0 10533,0 6,1722020187 788340,0 9
file_ignored,0 10545,18446744073709551615 989455,1722020187 788359,18446744071987531428 211641
patterns_match,0 10551,18446744073709551615 989449,1722020187 788368,18446744071987531428 211632
patterns_match,0 10551,0 20,1722020187 788368,0 88
patterns_match,0 10578,18446744073709551615 989422,1722020187 788467,18446744071987531428 211533
patterns_match,0 10578,0 6,1722020187 788467,0 10
file_ignored,0 10545,0 45,1722020187 788359,0 126
gobble_file,0 10595,18446744073709551615 989405,1722020187 788494,18446744071987531428 211506
needs_quoting,0 10622,18446744073709551615 989378,1722020187 788694,18446744071987531428 211306
quotearg_buffer,0 10652,18446744073709551615 989348,1722020187 788767,18446744071987531428 211233
quotearg_buffer_restyled,0 10664,18446744073709551615 989336,1722020187 788783,18446744071987531428 211217
quotearg_buffer_restyled,0 10664,0 7,1722020187 788783,0 11
quotearg_buffer,0 10652,0 26,1722020187 788767,0 38
needs_quoting,0 10622,0 62,1722020187 788694,0 120
xstrdup,0 10713,18446744073709551615 989287,1722020187 788846,18446744071987531428 211154
xmemdup,0 10724,18446744073709551615 989276,1722020187 788860,18446744071987531428 211140
xmalloc,0 10758,18446744073709551615 989242,1722020187 788956,18446744071987531428 211044
check_nonnull,0 10768,18446744073709551615 989232,1722020187 788985,18446744071987531428 211015
check_nonnull,0 10768,0 10,1722020187 788985,0 13
xmalloc,0 10758,0 55,1722020187 788956,0 108
xmemdup,0 10724,0 97,1722020187 788860,0 215
xstrdup,0 10713,0 116,1722020187 788846,0 241
gobble_file,0 10595,0 240,1722020187 788494,0 602
process_signals,0 10855,18446744073709551615 989145,1722020187 789144,18446744071987531428 210856
process_signals,0 10855,0 43,1722020187 789144,0 47
file_ignored,0 10904,18446744073709551615 989096,1722020187 789201,18446744071987531428 210799
patterns_match,0 10909,18446744073709551615 989091,1722020187 789209,18446744071987531428 210791
patterns_match,0 10909,0 6,1722020187 789209,0 9
patterns_match,0 10921,18446744073709551615 989079,1722020187 789227,18446744071987531428 210773
patterns_match,0 10921,0 5,1722020187 789227,0 9
file_ignored,0 10904,0 28,1722020187 789201,0 43
gobble_file,0 10939,18446744073709551615 989061,1722020187 789256,18446744071987531428 210744
needs_quoting,0 10944,18446744073709551615 989056,1722020187 789265,18446744071987531428 210735
quotearg_buffer,0 10952,18446744073709551615 989048,1722020187 789276,18446744071987531428 210724
quotearg_buffer_restyled,0 10960,18446744073709551615 989040,1722020187 789286,18446744071987531428 210714
quotearg_buffer_restyled,0 10960,0 7,1722020187 789286,0 11
quotearg_buffer,0 10952,0 29,1722020187 789276,0 38
needs_quoting,0 10944,0 43,1722020187 789265,0 58
xstrdup,0 10995,18446744073709551615 989005,1722020187 789334,18446744071987531428 210666
xmemdup,0 11014,18446744073709551615 988986,1722020187 789358,18446744071987531428 210642
xmalloc,0 11027,18446744073709551615 988973,1722020187 789389,18446744071987531428 210611
check_nonnull,0 11036,18446744073709551615 988964,1722020187 789400,18446744071987531428 210600
check_nonnull,0 11036,0 10,1722020187 789400,0 14
xmalloc,0 11027,0 27,1722020187 789389,0 36
xmemdup,0 11014,0 57,1722020187 789358,0 87
xstrdup,0 10995,0 84,1722020187 789334,0 122
gobble_file,0 10939,0 145,1722020187 789256,0 209
process_signals,0 11090,18446744073709551615 988910,1722020187 789473,18446744071987531428 210527
process_signals,0 11090,0 6,1722020187 789473,0 9
file_ignored,0 11102,18446744073709551615 988898,1722020187 789492,18446744071987531428 210508
patterns_match,0 11108,18446744073709551615 988892,1722020187 789501,18446744071987531428 210499
patterns_match,0 11108,0 9,1722020187 789501,0 12
patterns_match,0 11123,18446744073709551615 988877,1722020187 789526,18446744071987531428 210474
patterns_match,0 11123,0 5,1722020187 789526,0 9
file_ignored,0 11102,0 32,1722020187 789492,0 52
gobble_file,0 11139,18446744073709551615 988861,1722020187 789552,18446744071987531428 210448
needs_quoting,0 11145,18446744073709551615 988855,1722020187 789561,18446744071987531428 210439
quotearg_buffer,0 11170,18446744073709551615 988830,1722020187 789591,18446744071987531428 210409
quotearg_buffer_restyled,0 11182,18446744073709551615 988818,1722020187 789608,18446744071987531428 210392
quotearg_buffer_restyled,0 11182,0 12,1722020187 789608,0 17
quotearg_buffer,0 11170,0 35,1722020187 789591,0 51
needs_quoting,0 11145,0 69,1722020187 789561,0 95
xstrdup,0 11227,18446744073709551615 988773,1722020187 789673,18446744071987531428 210327
xmemdup,0 11277,18446744073709551615 988723,1722020187 789860,18446744071987531428 210140
xmalloc,0 11289,18446744073709551615 988711,1722020187 790001,18446744071987531428 209999
check_nonnull,0 11322,18446744073709551615 988678,1722020187 790038,18446744071987531428 209962
check_nonnull,0 11322,0 47,1722020187 790038,0 50
xmalloc,0 11289,0 138,1722020187 790001,0 183
xmemdup,0 11277,0 185,1722020187 789860,0 404
xstrdup,0 11227,0 246,1722020187 789673,0 607
gobble_file,0 11139,0 339,1722020187 789552,0 737
process_signals,0 11484,18446744073709551615 988516,1722020187 790298,18446744071987531428 209702
process_signals,0 11484,0 6,1722020187 790298,0 9
file_ignored,0 11496,18446744073709551615 988504,1722020187 790316,18446744071987531428 209684
patterns_match,0 11502,18446744073709551615 988498,1722020187 790325,18446744071987531428 209675
patterns_match,0 11502,0 5,1722020187 790325,0 9
patterns_match,0 11513,18446744073709551615 988487,1722020187 790343,18446744071987531428 209657
patterns_match,0 11513,0 5,1722020187 790343,0 8
file_ignored,0 11496,0 28,1722020187 790316,0 44
gobble_file,0 11529,18446744073709551615 988471,1722020187 790368,18446744071987531428 209632
needs_quoting,0 11535,18446744073709551615 988465,1722020187 790377,18446744071987531428 209623
quotearg_buffer,0 11542,18446744073709551615 988458,1722020187 790388,18446744071987531428 209612
quotearg_buffer_restyled,0 11549,18446744073709551615 988451,1722020187 790398,18446744071987531428 209602
quotearg_buffer_restyled,0 11549,0 11,1722020187 790398,0 15
quotearg_buffer,0 11542,0 26,1722020187 790388,0 38
needs_quoting,0 11535,0 39,1722020187 790377,0 58
xstrdup,0 11582,18446744073709551615 988418,1722020187 790446,18446744071987531428 209554
xmemdup,0 11589,18446744073709551615 988411,1722020187 790457,18446744071987531428 209543
xmalloc,0 11597,18446744073709551615 988403,1722020187 790468,18446744071987531428 209532
check_nonnull,0 11605,18446744073709551615 988395,1722020187 790479,18446744071987531428 209521
check_nonnull,0 11605,0 8,1722020187 790479,0 11
xmalloc,0 11597,0 24,1722020187 790468,0 33
xmemdup,0 11589,0 39,1722020187 790457,0 55
xstrdup,0 11582,0 54,1722020187 790446,0 76
gobble_file,0 11529,0 113,1722020187 790368,0 163
process_signals,0 11647,18446744073709551615 988353,1722020187 790540,18446744071987531428 209460
process_signals,0 11647,0 6,1722020187 790540,0 9
file_ignored,0 11659,18446744073709551615 988341,1722020187 790558,18446744071987531428 209442
file_ignored,0 11659,0 6,1722020187 790558,0 18
process_signals,0 11670,18446744073709551615 988330,1722020187 790585,18446744071987531428 209415
process_signals,0 11670,0 6,1722020187 790585,0 8
file_ignored,0 11681,18446744073709551615 988319,1722020187 790602,18446744071987531428 209398
file_ignored,0 11681,0 6,1722020187 790602,0 9
process_signals,0 11693,18446744073709551615 988307,1722020187 790619,18446744071987531428 209381
process_signals,0 11693,0 5,1722020187 790619,0 8
file_ignored,0 11703,18446744073709551615 988297,1722020187 790636,18446744071987531428 209364
patterns_match,0 11709,18446744073709551615 988291,1722020187 790645,18446744071987531428 209355
patterns_match,0 11709,0 6,1722020187 790645,0 9
patterns_match,0 11720,18446744073709551615 988280,1722020187 790662,18446744071987531428 209338
patterns_match,0 11720,0 6,1722020187 790662,0 9
file_ignored,0 11703,0 28,1722020187 790636,0 43
gobble_file,0 11737,18446744073709551615 988263,1722020187 790688,18446744071987531428 209312
needs_quoting,0 11742,18446744073709551615 988258,1722020187 790696,18446744071987531428 209304
quotearg_buffer,0 11749,18446744073709551615 988251,1722020187 790707,18446744071987531428 209293
quotearg_buffer_restyled,0 11757,18446744073709551615 988243,1722020187 790717,18446744071987531428 209283
quotearg_buffer_restyled,0 11757,0 7,1722020187 790717,0 11
quotearg_buffer,0 11749,0 22,1722020187 790707,0 30
needs_quoting,0 11742,0 34,1722020187 790696,0 74
xstrdup,0 11785,18446744073709551615 988215,1722020187 790781,18446744071987531428 209219
xmemdup,0 11793,18446744073709551615 988207,1722020187 790792,18446744071987531428 209208
xmalloc,0 11818,18446744073709551615 988182,1722020187 790891,18446744071987531428 209109
check_nonnull,0 11842,18446744073709551615 988158,1722020187 791006,18446744071987531428 208994
check_nonnull,0 11842,0 15,1722020187 791006,0 41
xmalloc,0 11818,0 49,1722020187 790891,0 186
xmemdup,0 11793,0 82,1722020187 790792,0 297
xstrdup,0 11785,0 98,1722020187 790781,0 320
gobble_file,0 11737,0 152,1722020187 790688,0 422
process_signals,0 11917,18446744073709551615 988083,1722020187 791142,18446744071987531428 208858
process_signals,0 11917,0 6,1722020187 791142,0 9
file_ignored,0 11929,18446744073709551615 988071,1722020187 791204,18446744071987531428 208796
file_ignored,0 11929,0 6,1722020187 791204,0 9
process_signals,0 11941,18446744073709551615 988059,1722020187 791223,18446744071987531428 208777
process_signals,0 11941,0 6,1722020187 791223,0 8
file_ignored,0 11952,18446744073709551615 988048,1722020187 791240,18446744071987531428 208760
patterns_match,0 11958,18446744073709551615 988042,1722020187 791250,18446744071987531428 208750
patterns_match,0 11958,0 7,1722020187 791250,0 11
patterns_match,0 11973,18446744073709551615 988027,1722020187 791274,18446744071987531428 208726
patterns_match,0 11973,0 6,1722020187 791274,0 9
file_ignored,0 11952,0 48,1722020187 791240,0 132
gobble_file,0 12015,18446744073709551615 987985,1722020187 791402,18446744071987531428 208598
needs_quoting,0 12024,18446744073709551615 987976,1722020187 791416,18446744071987531428 208584
quotearg_buffer,0 12032,18446744073709551615 987968,1722020187 791428,18446744071987531428 208572
quotearg_buffer_restyled,0 12042,18446744073709551615 987958,1722020187 791442,18446744071987531428 208558
quotearg_buffer_restyled,0 12042,0 9,1722020187 791442,0 14
quotearg_buffer,0 12032,0 28,1722020187 791428,0 40
needs_quoting,0 12024,0 42,1722020187 791416,0 61
xstrdup,0 12073,18446744073709551615 987927,1722020187 791488,18446744071987531428 208512
xmemdup,0 12083,18446744073709551615 987917,1722020187 791501,18446744071987531428 208499
xmalloc,0 12095,18446744073709551615 987905,1722020187 791517,18446744071987531428 208483
check_nonnull,0 12105,18446744073709551615 987895,1722020187 791532,18446744071987531428 208468
check_nonnull,0 12105,0 8,1722020187 791532,0 11
xmalloc,0 12095,0 26,1722020187 791517,0 37
xmemdup,0 12083,0 47,1722020187 791501,0 66
xstrdup,0 12073,0 65,1722020187 791488,0 90
gobble_file,0 12015,0 130,1722020187 791402,0 189
process_signals,0 12151,18446744073709551615 987849,1722020187 791601,18446744071987531428 208399
process_signals,0 12151,0 6,1722020187 791601,0 8
file_ignored,0 12162,18446744073709551615 987838,1722020187 791618,18446744071987531428 208382
patterns_match,0 12168,18446744073709551615 987832,1722020187 791627,18446744071987531428 208373
patterns_match,0 12168,0 10,1722020187 791627,0 14
patterns_match,0 12184,18446744073709551615 987816,1722020187 791650,18446744071987531428 208350
patterns_match,0 12184,0 5,1722020187 791650,0 9
file_ignored,0 12162,0 33,1722020187 791618,0 49
gobble_file,0 12201,18446744073709551615 987799,1722020187 791676,18446744071987531428 208324
needs_quoting,0 12208,18446744073709551615 987792,1722020187 791687,18446744071987531428 208313
quotearg_buffer,0 12216,18446744073709551615 987784,1722020187 791698,18446744071987531428 208302
quotearg_buffer_restyled,0 12223,18446744073709551615 987777,1722020187 791708,18446744071987531428 208292
quotearg_buffer_restyled,0 12223,0 8,1722020187 791708,0 12
quotearg_buffer,0 12216,0 23,1722020187 791698,0 33
needs_quoting,0 12208,0 37,1722020187 791687,0 55
xstrdup,0 12255,18446744073709551615 987745,1722020187 791755,18446744071987531428 208245
xmemdup,0 12265,18446744073709551615 987735,1722020187 791769,18446744071987531428 208231
xmalloc,0 12272,18446744073709551615 987728,1722020187 791780,18446744071987531428 208220
check_nonnull,0 12280,18446744073709551615 987720,1722020187 791791,18446744071987531428 208209
check_nonnull,0 12280,0 8,1722020187 791791,0 11
xmalloc,0 12272,0 41,1722020187 791780,0 132
xmemdup,0 12265,0 57,1722020187 791769,0 155
xstrdup,0 12255,0 75,1722020187 791755,0 180
gobble_file,0 12201,0 134,1722020187 791676,0 268
process_signals,0 12371,18446744073709551615 987629,1722020187 791984,18446744071987531428 208016
process_signals,0 12371,0 7,1722020187 791984,0 10
file_ignored,0 12384,18446744073709551615 987616,1722020187 792004,18446744071987531428 207996
file_ignored,0 12384,0 6,1722020187 792004,0 9
process_signals,0 12396,18446744073709551615 987604,1722020187 792022,18446744071987531428 207978
process_signals,0 12396,0 5,1722020187 792022,0 9
file_ignored,0 12446,18446744073709551615 987554,1722020187 792080,18446744071987531428 207920
file_ignored,0 12446,0 9,1722020187 792080,0 13
process_signals,0 12461,18446744073709551615 987539,1722020187 792102,18446744071987531428 207898
process_signals,0 12461,0 7,1722020187 792102,0 49
file_ignored,0 12488,18446744073709551615 987512,1722020187 792174,18446744071987531428 207826
patterns_match,0 12494,18446744073709551615 987506,1722020187 792184,18446744071987531428 207816
patterns_match,0 12494,0 6,1722020187 792184,0 12
patterns_match,0 12506,18446744073709551615 987494,1722020187 792205,18446744071987531428 207795
patterns_match,0 12506,0 6,1722020187 792205,0 9
file_ignored,0 12488,0 30,1722020187 792174,0 49
gobble_file,0 12523,18446744073709551615 987477,1722020187 792232,18446744071987531428 207768
needs_quoting,0 12529,18446744073709551615 987471,1722020187 792240,18446744071987531428 207760
quotearg_buffer,0 12537,18446744073709551615 987463,1722020187 792252,18446744071987531428 207748
quotearg_buffer_restyled,0 12545,18446744073709551615 987455,1722020187 792263,18446744071987531428 207737
quotearg_buffer_restyled,0 12545,0 30,1722020187 792263,0 78
quotearg_buffer,0 12537,0 75,1722020187 792252,0 187
needs_quoting,0 12529,0 90,1722020187 792240,0 210
xstrdup,0 12627,18446744073709551615 987373,1722020187 792462,18446744071987531428 207538
xmemdup,0 12653,18446744073709551615 987347,1722020187 792490,18446744071987531428 207510
xmalloc,0 12661,18446744073709551615 987339,1722020187 792502,18446744071987531428 207498
check_nonnull,0 12669,18446744073709551615 987331,1722020187 792513,18446744071987531428 207487
check_nonnull,0 12669,0 9,1722020187 792513,0 12
xmalloc,0 12661,0 25,1722020187 792502,0 34
xmemdup,0 12653,0 41,1722020187 792490,0 57
xstrdup,0 12627,0 75,1722020187 792462,0 96
gobble_file,0 12523,0 184,1722020187 792232,0 335
process_signals,0 12713,18446744073709551615 987287,1722020187 792576,18446744071987531428 207424
process_signals,0 12713,0 6,1722020187 792576,0 9
file_ignored,0 12724,18446744073709551615 987276,1722020187 792594,18446744071987531428 207406
patterns_match,0 12730,18446744073709551615 987270,1722020187 792602,18446744071987531428 207398
patterns_match,0 12730,0 5,1722020187 792602,0 9
patterns_match,0 12741,18446744073709551615 987259,1722020187 792668,18446744071987531428 207332
patterns_match,0 12741,0 28,1722020187 792668,0 33
file_ignored,0 12724,0 50,1722020187 792594,0 116
gobble_file,0 12780,18446744073709551615 987220,1722020187 792718,18446744071987531428 207282
needs_quoting,0 12785,18446744073709551615 987215,1722020187 792729,18446744071987531428 207271
quotearg_buffer,0 12793,18446744073709551615 987207,1722020187 792740,18446744071987531428 207260
quotearg_buffer_restyled,0 12801,18446744073709551615 987199,1722020187 792751,18446744071987531428 207249
quotearg_buffer_restyled,0 12801,0 7,1722020187 792751,0 10
quotearg_buffer,0 12793,0 22,1722020187 792740,0 31
needs_quoting,0 12785,0 36,1722020187 792729,0 51
xstrdup,0 12828,18446744073709551615 987172,1722020187 792791,18446744071987531428 207209
xmemdup,0 12836,18446744073709551615 987164,1722020187 792801,18446744071987531428 207199
xmalloc,0 12843,18446744073709551615 987157,1722020187 792812,18446744071987531428 207188
check_nonnull,0 12851,18446744073709551615 987149,1722020187 792823,18446744071987531428 207177
check_nonnull,0 12851,0 8,1722020187 792823,0 10
xmalloc,0 12843,0 23,1722020187 792812,0 31
xmemdup,0 12836,0 49,1722020187 792801,0 266
xstrdup,0 12828,0 67,1722020187 792791,0 289
gobble_file,0 12780,0 122,1722020187 792718,0 370
process_signals,0 12907,18446744073709551615 987093,1722020187 793098,18446744071987531428 206902
process_signals,0 12907,0 6,1722020187 793098,0 8
sort_files,0 12920,18446744073709551615 987080,1722020187 793264,18446744071987531428 206736
rpl_free,0 12928,18446744073709551615 987072,1722020187 793276,18446744071987531428 206724
rpl_free,0 12928,0 7,1722020187 793276,0 10
xnmalloc,0 12943,18446744073709551615 987057,1722020187 793297,18446744071987531428 206703
xreallocarray,0 12951,18446744073709551615 987049,1722020187 793308,18446744071987531428 206692
xreallocarray,0 12951,0 7,1722020187 793308,0 11
xnmalloc,0 12943,0 23,1722020187 793297,0 33
initialize_ordering_vector,0 12971,18446744073709551615 987029,1722020187 793337,18446744071987531428 206663
initialize_ordering_vector,0 12971,0 5,1722020187 793337,0 8
update_current_files_info,0 12980,18446744073709551615 987020,1722020187 793393,18446744071987531428 206607
fileinfo_name_width,0 12985,18446744073709551615 987015,1722020187 793401,18446744071987531428 206599
quote_name_width,0 12990,18446744073709551615 987010,1722020187 793409,18446744071987531428 206591
quote_name_buf,0 12995,18446744073709551615 987005,1722020187 793418,18446744071987531428 206582
get_quoting_style,0 13003,18446744073709551615 986997,1722020187 793429,18446744071987531428 206571
get_quoting_style,0 13003,0 40,1722020187 793429,0 43
mbsnwidth,0 13050,18446744073709551615 986950,1722020187 793482,18446744071987531428 206518
mbsnwidth,0 13050,0 7,1722020187 793482,0 10
quote_name_buf,0 12995,0 67,1722020187 793418,0 82
quote_name_width,0 12990,0 78,1722020187 793409,0 100
fileinfo_name_width,0 12985,0 88,1722020187 793401,0 116
fileinfo_name_width,0 13078,18446744073709551615 986922,1722020187 793524,18446744071987531428 206476
quote_name_width,0 13083,18446744073709551615 986917,1722020187 793531,18446744071987531428 206469
quote_name_buf,0 13087,18446744073709551615 986913,1722020187 793539,18446744071987531428 206461
get_quoting_style,0 13094,18446744073709551615 986906,1722020187 793548,18446744071987531428 206452
get_quoting_style,0 13094,0 7,1722020187 793548,0 10
mbsnwidth,0 13107,18446744073709551615 986893,1722020187 793567,18446744071987531428 206433
mbsnwidth,0 13107,0 6,1722020187 793567,0 9
quote_name_buf,0 13087,0 31,1722020187 793539,0 44
quote_name_width,0 13083,0 39,1722020187 793531,0 59
fileinfo_name_width,0 13078,0 49,1722020187 793524,0 74
fileinfo_name_width,0 13132,18446744073709551615 986868,1722020187 793605,18446744071987531428 206395
quote_name_width,0 13137,18446744073709551615 986863,1722020187 793613,18446744071987531428 206387
quote_name_buf,0 13142,18446744073709551615 986858,1722020187 793672,18446744071987531428 206328
get_quoting_style,0 13149,18446744073709551615 986851,1722020187 793682,18446744071987531428 206318
get_quoting_style,0 13149,0 9,1722020187 793682,0 12
mbsnwidth,0 13165,18446744073709551615 986835,1722020187 793704,18446744071987531428 206296
mbsnwidth,0 13165,0 6,1722020187 793704,0 9
quote_name_buf,0 13142,0 34,1722020187 793672,0 48
quote_name_width,0 13137,0 43,1722020187 793613,0 114
fileinfo_name_width,0 13132,0 53,1722020187 793605,0 130
fileinfo_name_width,0 13190,18446744073709551615 986810,1722020187 793743,18446744071987531428 206257
quote_name_width,0 13195,18446744073709551615 986805,1722020187 793750,18446744071987531428 206250
quote_name_buf,0 13199,18446744073709551615 986801,1722020187 793757,18446744071987531428 206243
get_quoting_style,0 13206,18446744073709551615 986794,1722020187 793767,18446744071987531428 206233
get_quoting_style,0 13206,0 6,1722020187 793767,0 9
mbsnwidth,0 13219,18446744073709551615 986781,1722020187 793785,18446744071987531428 206215
mbsnwidth,0 13219,0 6,1722020187 793785,0 9
quote_name_buf,0 13199,0 30,1722020187 793757,0 45
quote_name_width,0 13195,0 39,1722020187 793750,0 59
fileinfo_name_width,0 13190,0 49,1722020187 793743,0 73
fileinfo_name_width,0 13244,18446744073709551615 986756,1722020187 793824,18446744071987531428 206176
quote_name_width,0 13263,18446744073709551615 986737,1722020187 793923,18446744071987531428 206077
quote_name_buf,0 13293,18446744073709551615 986707,1722020187 793956,18446744071987531428 206044
get_quoting_style,0 13307,18446744073709551615 986693,1722020187 793971,18446744071987531428 206029
get_quoting_style,0 13307,0 11,1722020187 793971,0 88
mbsnwidth,0 13325,18446744073709551615 986675,1722020187 794069,18446744071987531428 205931
mbsnwidth,0 13325,0 37,1722020187 794069,0 61
quote_name_buf,0 13293,0 75,1722020187 793956,0 183
quote_name_width,0 13263,0 110,1722020187 793923,0 224
fileinfo_name_width,0 13244,0 135,1722020187 793824,0 331
fileinfo_name_width,0 13384,18446744073709551615 986616,1722020187 794163,18446744071987531428 205837
quote_name_width,0 13389,18446744073709551615 986611,1722020187 794171,18446744071987531428 205829
quote_name_buf,0 13441,18446744073709551615 986559,1722020187 794252,18446744071987531428 205748
get_quoting_style,0 13451,18446744073709551615 986549,1722020187 794266,18446744071987531428 205734
get_quoting_style,0 13451,0 7,1722020187 794266,0 10
mbsnwidth,0 13465,18446744073709551615 986535,1722020187 794286,18446744071987531428 205714
mbsnwidth,0 13465,0 6,1722020187 794286,0 9
quote_name_buf,0 13441,0 35,1722020187 794252,0 51
quote_name_width,0 13389,0 92,1722020187 794171,0 139
fileinfo_name_width,0 13384,0 134,1722020187 794163,0 213
fileinfo_name_width,0 13526,18446744073709551615 986474,1722020187 794386,18446744071987531428 205614
quote_name_width,0 13530,18446744073709551615 986470,1722020187 794394,18446744071987531428 205606
quote_name_buf,0 13535,18446744073709551615 986465,1722020187 794402,18446744071987531428 205598
get_quoting_style,0 13543,18446744073709551615 986457,1722020187 794412,18446744071987531428 205588
get_quoting_style,0 13543,0 7,1722020187 794412,0 10
mbsnwidth,0 13557,18446744073709551615 986443,1722020187 794432,18446744071987531428 205568
mbsnwidth,0 13557,0 6,1722020187 794432,0 9
quote_name_buf,0 13535,0 33,1722020187 794402,0 47
quote_name_width,0 13530,0 43,1722020187 794394,0 62
fileinfo_name_width,0 13526,0 52,1722020187 794386,0 78
fileinfo_name_width,0 13583,18446744073709551615 986417,1722020187 794472,18446744071987531428 205528
quote_name_width,0 13588,18446744073709551615 986412,1722020187 794479,18446744071987531428 205521
quote_name_buf,0 13592,18446744073709551615 986408,1722020187 794487,18446744071987531428 205513
get_quoting_style,0 13599,18446744073709551615 986401,1722020187 794496,18446744071987531428 205504
get_quoting_style,0 13599,0 6,1722020187 794496,0 9
mbsnwidth,0 13612,18446744073709551615 986388,1722020187 794515,18446744071987531428 205485
mbsnwidth,0 13612,0 6,1722020187 794515,0 9
quote_name_buf,0 13592,0 31,1722020187 794487,0 44
quote_name_width,0 13588,0 39,1722020187 794479,0 59
fileinfo_name_width,0 13583,0 50,1722020187 794472,0 75
fileinfo_name_width,0 13640,18446744073709551615 986360,1722020187 794557,18446744071987531428 205443
quote_name_width,0 13647,18446744073709551615 986353,1722020187 794568,18446744071987531428 205432
quote_name_buf,0 13652,18446744073709551615 986348,1722020187 794576,18446744071987531428 205424
get_quoting_style,0 13661,18446744073709551615 986339,1722020187 794588,18446744071987531428 205412
get_quoting_style,0 13661,0 7,1722020187 794588,0 10
mbsnwidth,0 13678,18446744073709551615 986322,1722020187 794613,18446744071987531428 205387
mbsnwidth,0 13678,0 7,1722020187 794613,0 9
quote_name_buf,0 13652,0 41,1722020187 794576,0 58
quote_name_width,0 13647,0 51,1722020187 794568,0 73
fileinfo_name_width,0 13640,0 63,1722020187 794557,0 92
fileinfo_name_width,0 13708,18446744073709551615 986292,1722020187 794657,18446744071987531428 205343
quote_name_width,0 13713,18446744073709551615 986287,1722020187 794665,18446744071987531428 205335
quote_name_buf,0 13717,18446744073709551615 986283,1722020187 794672,18446744071987531428 205328
get_quoting_style,0 13726,18446744073709551615 986274,1722020187 794683,18446744071987531428 205317
get_quoting_style,0 13726,0 28,1722020187 794683,0 277
mbsnwidth,0 13761,18446744073709551615 986239,1722020187 794970,18446744071987531428 205030
mbsnwidth,0 13761,0 7,1722020187 794970,0 10
quote_name_buf,0 13717,0 55,1722020187 794672,0 315
quote_name_width,0 13713,0 64,1722020187 794665,0 329
fileinfo_name_width,0 13708,0 74,1722020187 794657,0 345
fileinfo_name_width,0 13787,18446744073709551615 986213,1722020187 795010,18446744071987531428 204990
quote_name_width,0 13791,18446744073709551615 986209,1722020187 795017,18446744071987531428 204983
quote_name_buf,0 13796,18446744073709551615 986204,1722020187 795025,18446744071987531428 204975
get_quoting_style,0 13803,18446744073709551615 986197,1722020187 795034,18446744071987531428 204966
get_quoting_style,0 13803,0 6,1722020187 795034,0 9
mbsnwidth,0 13830,18446744073709551615 986170,1722020187 795092,18446744071987531428 204908
mbsnwidth,0 13830,0 6,1722020187 795092,0 9
quote_name_buf,0 13796,0 45,1722020187 795025,0 83
quote_name_width,0 13791,0 57,1722020187 795017,0 101
fileinfo_name_width,0 13787,0 66,1722020187 795010,0 116
fileinfo_name_width,0 13869,18446744073709551615 986131,1722020187 795144,18446744071987531428 204856
quote_name_width,0 13873,18446744073709551615 986127,1722020187 795152,18446744071987531428 204848
quote_name_buf,0 13878,18446744073709551615 986122,1722020187 795159,18446744071987531428 204841
get_quoting_style,0 13885,18446744073709551615 986115,1722020187 795169,18446744071987531428 204831
get_quoting_style,0 13885,0 7,1722020187 795169,0 9
mbsnwidth,0 13899,18446744073709551615 986101,1722020187 795188,18446744071987531428 204812
mbsnwidth,0 13899,0 6,1722020187 795188,0 9
quote_name_buf,0 13878,0 31,1722020187 795159,0 45
quote_name_width,0 13873,0 41,1722020187 795152,0 59
fileinfo_name_width,0 13869,0 50,1722020187 795144,0 75
fileinfo_name_width,0 13924,18446744073709551615 986076,1722020187 795227,18446744071987531428 204773
quote_name_width,0 13929,18446744073709551615 986071,1722020187 795234,18446744071987531428 204766
quote_name_buf,0 13933,18446744073709551615 986067,1722020187 795241,18446744071987531428 204759
get_quoting_style,0 13941,18446744073709551615 986059,1722020187 795254,18446744071987531428 204746
get_quoting_style,0 13941,0 11,1722020187 795254,0 13
mbsnwidth,0 13960,18446744073709551615 986040,1722020187 795280,18446744071987531428 204720
mbsnwidth,0 13960,0 6,1722020187 795280,0 9
quote_name_buf,0 13933,0 41,1722020187 795241,0 58
quote_name_width,0 13929,0 49,1722020187 795234,0 73
fileinfo_name_width,0 13924,0 59,1722020187 795227,0 87
fileinfo_name_width,0 13988,18446744073709551615 986012,1722020187 795322,18446744071987531428 204678
quote_name_width,0 13993,18446744073709551615 986007,1722020187 795330,18446744071987531428 204670
quote_name_buf,0 13998,18446744073709551615 986002,1722020187 795337,18446744071987531428 204663
get_quoting_style,0 14004,18446744073709551615 985996,1722020187 795346,18446744071987531428 204654
get_quoting_style,0 14004,0 7,1722020187 795346,0 10
mbsnwidth,0 14017,18446744073709551615 985983,1722020187 795365,18446744071987531428 204635
mbsnwidth,0 14017,0 7,1722020187 795365,0 9
quote_name_buf,0 13998,0 30,1722020187 795337,0 44
quote_name_width,0 13993,0 41,1722020187 795330,0 59
fileinfo_name_width,0 13988,0 51,1722020187 795322,0 75
fileinfo_name_width,0 14044,18446744073709551615 985956,1722020187 795405,18446744071987531428 204595
quote_name_width,0 14048,18446744073709551615 985952,1722020187 795412,18446744071987531428 204588
quote_name_buf,0 14053,18446744073709551615 985947,1722020187 795419,18446744071987531428 204581
get_quoting_style,0 14059,18446744073709551615 985941,1722020187 795429,18446744071987531428 204571
get_quoting_style,0 14059,0 7,1722020187 795429,0 9
mbsnwidth,0 14072,18446744073709551615 985928,1722020187 795447,18446744071987531428 204553
mbsnwidth,0 14072,0 6,1722020187 795447,0 9
quote_name_buf,0 14053,0 32,1722020187 795419,0 82
quote_name_width,0 14048,0 42,1722020187 795412,0 97
fileinfo_name_width,0 14044,0 51,1722020187 795405,0 112
update_current_files_info,0 12980,0 1148,1722020187 793393,0 2268
mpsort,0 14136,18446744073709551615 985864,1722020187 795698,18446744071987531428 204302
mpsort_with_tmp,0 14142,18446744073709551615 985858,1722020187 795708,18446744071987531428 204292
mpsort_with_tmp,0 14148,18446744073709551615 985852,1722020187 795717,18446744071987531428 204283
mpsort_with_tmp,0 14155,18446744073709551615 985845,1722020187 795726,18446744071987531428 204274
mpsort_with_tmp,0 14163,18446744073709551615 985837,1722020187 795737,18446744071987531428 204263
xstrcoll_name,0 14168,18446744073709551615 985832,1722020187 795745,18446744071987531428 204255
cmp_name,0 14173,18446744073709551615 985827,1722020187 795753,18446744071987531428 204247
xstrcoll,0 14235,18446744073709551615 985765,1722020187 795819,18446744071987531428 204181
xstrcoll,0 14235,0 5,1722020187 795819,0 11
cmp_name,0 14173,0 73,1722020187 795753,0 85
xstrcoll_name,0 14168,0 83,1722020187 795745,0 101
mpsort_with_tmp,0 14163,0 95,1722020187 795737,0 119
mpsort_into_tmp,0 14265,18446744073709551615 985735,1722020187 795865,18446744071987531428 204135
mpsort_with_tmp,0 14271,18446744073709551615 985729,1722020187 795875,18446744071987531428 204125
mpsort_with_tmp,0 14271,0 8,1722020187 795875,0 10
mpsort_with_tmp,0 14285,18446744073709551615 985715,1722020187 795894,18446744071987531428 204106
mpsort_with_tmp,0 14285,0 6,1722020187 795894,0 9
xstrcoll_name,0 14296,18446744073709551615 985704,1722020187 795911,18446744071987531428 204089
cmp_name,0 14301,18446744073709551615 985699,1722020187 795918,18446744071987531428 204082
xstrcoll,0 14306,18446744073709551615 985694,1722020187 795926,18446744071987531428 204074
xstrcoll,0 14306,0 5,1722020187 795926,0 8
cmp_name,0 14301,0 15,1722020187 795918,0 24
xstrcoll_name,0 14296,0 79,1722020187 795911,0 347
mpsort_into_tmp,0 14265,0 119,1722020187 795865,0 407
xstrcoll_name,0 14390,18446744073709551615 985610,1722020187 796280,18446744071987531428 203720
cmp_name,0 14395,18446744073709551615 985605,1722020187 796288,18446744071987531428 203712
xstrcoll,0 14400,18446744073709551615 985600,1722020187 796296,18446744071987531428 203704
xstrcoll,0 14400,0 5,1722020187 796296,0 9
cmp_name,0 14395,0 17,1722020187 796288,0 27
xstrcoll_name,0 14390,0 27,1722020187 796280,0 43
xstrcoll_name,0 14422,18446744073709551615 985578,1722020187 796330,18446744071987531428 203670
cmp_name,0 14427,18446744073709551615 985573,1722020187 796338,18446744071987531428 203662
xstrcoll,0 14432,18446744073709551615 985568,1722020187 796346,18446744071987531428 203654
xstrcoll,0 14432,0 5,1722020187 796346,0 8
cmp_name,0 14427,0 15,1722020187 796338,0 23
xstrcoll_name,0 14422,0 25,1722020187 796330,0 39
mpsort_with_tmp,0 14155,0 298,1722020187 795726,0 652
mpsort_into_tmp,0 14460,18446744073709551615 985540,1722020187 796387,18446744071987531428 203613
mpsort_with_tmp,0 14466,18446744073709551615 985534,1722020187 796396,18446744071987531428 203604
xstrcoll_name,0 14471,18446744073709551615 985529,1722020187 796404,18446744071987531428 203596
cmp_name,0 14475,18446744073709551615 985525,1722020187 796411,18446744071987531428 203589
xstrcoll,0 14481,18446744073709551615 985519,1722020187 796419,18446744071987531428 203581
xstrcoll,0 14481,0 5,1722020187 796419,0 8
cmp_name,0 14475,0 16,1722020187 796411,0 24
xstrcoll_name,0 14471,0 24,1722020187 796404,0 38
mpsort_with_tmp,0 14466,0 36,1722020187 796396,0 55
mpsort_with_tmp,0 14508,18446744073709551615 985492,1722020187 796460,18446744071987531428 203540
xstrcoll_name,0 14513,18446744073709551615 985487,1722020187 796468,18446744071987531428 203532
cmp_name,0 14518,18446744073709551615 985482,1722020187 796475,18446744071987531428 203525
xstrcoll,0 14523,18446744073709551615 985477,1722020187 796483,18446744071987531428 203517
xstrcoll,0 14523,0 5,1722020187 796483,0 8
cmp_name,0 14518,0 15,1722020187 796475,0 24
xstrcoll_name,0 14513,0 24,1722020187 796468,0 38
mpsort_with_tmp,0 14508,0 35,1722020187 796460,0 55
xstrcoll_name,0 14551,18446744073709551615 985449,1722020187 796525,18446744071987531428 203475
cmp_name,0 14569,18446744073709551615 985431,1722020187 796605,18446744071987531428 203395
xstrcoll,0 14592,18446744073709551615 985408,1722020187 796628,18446744071987531428 203372
xstrcoll,0 14592,0 15,1722020187 796628,0 124
cmp_name,0 14569,0 45,1722020187 796605,0 159
xstrcoll_name,0 14551,0 71,1722020187 796525,0 251
xstrcoll_name,0 14630,18446744073709551615 985370,1722020187 796788,18446744071987531428 203212
cmp_name,0 14638,18446744073709551615 985362,1722020187 796800,18446744071987531428 203200
xstrcoll,0 14646,18446744073709551615 985354,1722020187 796812,18446744071987531428 203188
xstrcoll,0 14646,0 8,1722020187 796812,0 122
cmp_name,0 14638,0 24,1722020187 796800,0 147
xstrcoll_name,0 14630,0 40,1722020187 796788,0 171
xstrcoll_name,0 14677,18446744073709551615 985323,1722020187 796971,18446744071987531428 203029
cmp_name,0 14715,18446744073709551615 985285,1722020187 797055,18446744071987531428 202945
xstrcoll,0 14720,18446744073709551615 985280,1722020187 797063,18446744071987531428 202937
xstrcoll,0 14720,0 6,1722020187 797063,0 9
cmp_name,0 14715,0 16,1722020187 797055,0 25
xstrcoll_name,0 14677,0 59,1722020187 796971,0 116
mpsort_into_tmp,0 14460,0 286,1722020187 796387,0 731
xstrcoll_name,0 14751,18446744073709551615 985249,1722020187 797127,18446744071987531428 202873
cmp_name,0 14756,18446744073709551615 985244,1722020187 797134,18446744071987531428 202866
xstrcoll,0 14762,18446744073709551615 985238,1722020187 797142,18446744071987531428 202858
xstrcoll,0 14762,0 7,1722020187 797142,0 10
cmp_name,0 14756,0 18,1722020187 797134,0 26
xstrcoll_name,0 14751,0 28,1722020187 797127,0 41
xstrcoll_name,0 14785,18446744073709551615 985215,1722020187 797177,18446744071987531428 202823
cmp_name,0 14790,18446744073709551615 985210,1722020187 797185,18446744071987531428 202815
xstrcoll,0 14795,18446744073709551615 985205,1722020187 797193,18446744071987531428 202807
xstrcoll,0 14795,0 5,1722020187 797193,0 8
cmp_name,0 14790,0 15,1722020187 797185,0 24
xstrcoll_name,0 14785,0 25,1722020187 797177,0 39
xstrcoll_name,0 14815,18446744073709551615 985185,1722020187 797224,18446744071987531428 202776
cmp_name,0 14820,18446744073709551615 985180,1722020187 797232,18446744071987531428 202768
xstrcoll,0 14825,18446744073709551615 985175,1722020187 797239,18446744071987531428 202761
xstrcoll,0 14825,0 5,1722020187 797239,0 8
cmp_name,0 14820,0 15,1722020187 797232,0 23
xstrcoll_name,0 14815,0 25,1722020187 797224,0 38
xstrcoll_name,0 14844,18446744073709551615 985156,1722020187 797270,18446744071987531428 202730
cmp_name,0 14849,18446744073709551615 985151,1722020187 797278,18446744071987531428 202722
xstrcoll,0 14854,18446744073709551615 985146,1722020187 797285,18446744071987531428 202715
xstrcoll,0 14854,0 5,1722020187 797285,0 8
cmp_name,0 14849,0 15,1722020187 797278,0 23
xstrcoll_name,0 14844,0 25,1722020187 797270,0 38
xstrcoll_name,0 14876,18446744073709551615 985124,1722020187 797318,18446744071987531428 202682
cmp_name,0 14881,18446744073709551615 985119,1722020187 797326,18446744071987531428 202674
xstrcoll,0 14886,18446744073709551615 985114,1722020187 797334,18446744071987531428 202666
xstrcoll,0 14886,0 5,1722020187 797334,0 7
cmp_name,0 14881,0 15,1722020187 797326,0 23
xstrcoll_name,0 14876,0 25,1722020187 797318,0 38
xstrcoll_name,0 14906,18446744073709551615 985094,1722020187 797364,18446744071987531428 202636
cmp_name,0 14911,18446744073709551615 985089,1722020187 797372,18446744071987531428 202628
xstrcoll,0 14916,18446744073709551615 985084,1722020187 797380,18446744071987531428 202620
xstrcoll,0 14916,0 5,1722020187 797380,0 7
cmp_name,0 14911,0 15,1722020187 797372,0 23
xstrcoll_name,0 14906,0 24,1722020187 797364,0 38
mpsort_with_tmp,0 14148,0 789,1722020187 795717,0 1695
mpsort_into_tmp,0 14943,18446744073709551615 985057,1722020187 797421,18446744071987531428 202579
mpsort_with_tmp,0 14949,18446744073709551615 985051,1722020187 797430,18446744071987531428 202570
mpsort_with_tmp,0 14955,18446744073709551615 985045,1722020187 797439,18446744071987531428 202561
xstrcoll_name,0 14960,18446744073709551615 985040,1722020187 797446,18446744071987531428 202554
cmp_name,0 14976,18446744073709551615 985024,1722020187 797526,18446744071987531428 202474
xstrcoll,0 14982,18446744073709551615 985018,1722020187 797551,18446744071987531428 202449
xstrcoll,0 14982,0 8,1722020187 797551,0 10
cmp_name,0 14976,0 19,1722020187 797526,0 43
xstrcoll_name,0 14960,0 108,1722020187 797446,0 201
mpsort_with_tmp,0 14955,0 122,1722020187 797439,0 219
mpsort_into_tmp,0 15084,18446744073709551615 984916,1722020187 797668,18446744071987531428 202332
mpsort_with_tmp,0 15090,18446744073709551615 984910,1722020187 797677,18446744071987531428 202323
mpsort_with_tmp,0 15090,0 13,1722020187 797677,0 72
mpsort_with_tmp,0 15113,18446744073709551615 984887,1722020187 797762,18446744071987531428 202238
mpsort_with_tmp,0 15113,0 29,1722020187 797762,0 44
xstrcoll_name,0 15152,18446744073709551615 984848,1722020187 797821,18446744071987531428 202179
cmp_name,0 15160,18446744073709551615 984840,1722020187 797833,18446744071987531428 202167
xstrcoll,0 15167,18446744073709551615 984833,1722020187 797844,18446744071987531428 202156
xstrcoll,0 15167,0 7,1722020187 797844,0 12
cmp_name,0 15160,0 21,1722020187 797833,0 34
xstrcoll_name,0 15152,0 36,1722020187 797821,0 56
mpsort_into_tmp,0 15084,0 113,1722020187 797668,0 223
xstrcoll_name,0 15205,18446744073709551615 984795,1722020187 797902,18446744071987531428 202098
cmp_name,0 15212,18446744073709551615 984788,1722020187 797913,18446744071987531428 202087
xstrcoll,0 15219,18446744073709551615 984781,1722020187 797924,18446744071987531428 202076
xstrcoll,0 15219,0 7,1722020187 797924,0 11
cmp_name,0 15212,0 21,1722020187 797913,0 33
xstrcoll_name,0 15205,0 35,1722020187 797902,0 55
xstrcoll_name,0 15247,18446744073709551615 984753,1722020187 797968,18446744071987531428 202032
cmp_name,0 15254,18446744073709551615 984746,1722020187 797979,18446744071987531428 202021
xstrcoll,0 15261,18446744073709551615 984739,1722020187 797990,18446744071987531428 202010
xstrcoll,0 15261,0 8,1722020187 797990,0 11
cmp_name,0 15254,0 22,1722020187 797979,0 33
xstrcoll_name,0 15247,0 35,1722020187 797968,0 55
xstrcoll_name,0 15289,18446744073709551615 984711,1722020187 798034,18446744071987531428 201966
cmp_name,0 15297,18446744073709551615 984703,1722020187 798045,18446744071987531428 201955
xstrcoll,0 15304,18446744073709551615 984696,1722020187 798056,18446744071987531428 201944
xstrcoll,0 15304,0 6,1722020187 798056,0 11
cmp_name,0 15297,0 20,1722020187 798045,0 32
xstrcoll_name,0 15289,0 35,1722020187 798034,0 54
mpsort_with_tmp,0 14949,0 384,1722020187 797430,0 671
mpsort_with_tmp,0 15342,18446744073709551615 984658,1722020187 798114,18446744071987531428 201886
mpsort_with_tmp,0 15351,18446744073709551615 984649,1722020187 798127,18446744071987531428 201873
xstrcoll_name,0 15358,18446744073709551615 984642,1722020187 798138,18446744071987531428 201862
cmp_name,0 15365,18446744073709551615 984635,1722020187 798149,18446744071987531428 201851
xstrcoll,0 15373,18446744073709551615 984627,1722020187 798160,18446744071987531428 201840
xstrcoll,0 15373,0 8,1722020187 798160,0 18
cmp_name,0 15365,0 23,1722020187 798149,0 40
xstrcoll_name,0 15358,0 36,1722020187 798138,0 61
mpsort_with_tmp,0 15351,0 52,1722020187 798127,0 85
xstrcoll_name,0 15410,18446744073709551615 984590,1722020187 798223,18446744071987531428 201777
cmp_name,0 15417,18446744073709551615 984583,1722020187 798234,18446744071987531428 201766
xstrcoll,0 15425,18446744073709551615 984575,1722020187 798246,18446744071987531428 201754
xstrcoll,0 15425,0 7,1722020187 798246,0 11
cmp_name,0 15417,0 22,1722020187 798234,0 34
xstrcoll_name,0 15410,0 36,1722020187 798223,0 56
xstrcoll_name,0 15453,18446744073709551615 984547,1722020187 798290,18446744071987531428 201710
cmp_name,0 15483,18446744073709551615 984517,1722020187 798323,18446744071987531428 201677
xstrcoll,0 15490,18446744073709551615 984510,1722020187 798335,18446744071987531428 201665
xstrcoll,0 15490,0 21,1722020187 798335,0 37
cmp_name,0 15483,0 35,1722020187 798323,0 60
xstrcoll_name,0 15453,0 72,1722020187 798290,0 104
mpsort_with_tmp,0 15342,0 296,1722020187 798114,0 731
xstrcoll_name,0 15645,18446744073709551615 984355,1722020187 798856,18446744071987531428 201144
cmp_name,0 15650,18446744073709551615 984350,1722020187 798906,18446744071987531428 201094
xstrcoll,0 15657,18446744073709551615 984343,1722020187 798917,18446744071987531428 201083
xstrcoll,0 15657,0 6,1722020187 798917,0 8
cmp_name,0 15650,0 18,1722020187 798906,0 27
xstrcoll_name,0 15645,0 49,1722020187 798856,0 166
xstrcoll_name,0 15700,18446744073709551615 984300,1722020187 799031,18446744071987531428 200969
cmp_name,0 15705,18446744073709551615 984295,1722020187 799039,18446744071987531428 200961
xstrcoll,0 15710,18446744073709551615 984290,1722020187 799047,18446744071987531428 200953
xstrcoll,0 15710,0 5,1722020187 799047,0 8
cmp_name,0 15705,0 15,1722020187 799039,0 24
xstrcoll_name,0 15700,0 25,1722020187 799031,0 39
xstrcoll_name,0 15730,18446744073709551615 984270,1722020187 799078,18446744071987531428 200922
cmp_name,0 15735,18446744073709551615 984265,1722020187 799085,18446744071987531428 200915
xstrcoll,0 15740,18446744073709551615 984260,1722020187 799093,18446744071987531428 200907
xstrcoll,0 15740,0 5,1722020187 799093,0 8
cmp_name,0 15735,0 15,1722020187 799085,0 24
xstrcoll_name,0 15730,0 25,1722020187 799078,0 38
xstrcoll_name,0 15760,18446744073709551615 984240,1722020187 799149,18446744071987531428 200851
cmp_name,0 15765,18446744073709551615 984235,1722020187 799156,18446744071987531428 200844
xstrcoll,0 15770,18446744073709551615 984230,1722020187 799164,18446744071987531428 200836
xstrcoll,0 15770,0 5,1722020187 799164,0 8
cmp_name,0 15765,0 15,1722020187 799156,0 24
xstrcoll_name,0 15760,0 25,1722020187 799149,0 38
xstrcoll_name,0 15789,18446744073709551615 984211,1722020187 799195,18446744071987531428 200805
cmp_name,0 15794,18446744073709551615 984206,1722020187 799202,18446744071987531428 200798
xstrcoll,0 15799,18446744073709551615 984201,1722020187 799210,18446744071987531428 200790
xstrcoll,0 15799,0 6,1722020187 799210,0 8
cmp_name,0 15794,0 15,1722020187 799202,0 24
xstrcoll_name,0 15789,0 25,1722020187 799195,0 38
xstrcoll_name,0 15819,18446744073709551615 984181,1722020187 799241,18446744071987531428 200759
cmp_name,0 15824,18446744073709551615 984176,1722020187 799248,18446744071987531428 200752
xstrcoll,0 15829,18446744073709551615 984171,1722020187 799256,18446744071987531428 200744
xstrcoll,0 15829,0 5,1722020187 799256,0 8
cmp_name,0 15824,0 15,1722020187 799248,0 23
xstrcoll_name,0 15819,0 24,1722020187 799241,0 38
mpsort_into_tmp,0 14943,0 907,1722020187 797421,0 1868
xstrcoll_name,0 15855,18446744073709551615 984145,1722020187 799296,18446744071987531428 200704
cmp_name,0 15860,18446744073709551615 984140,1722020187 799304,18446744071987531428 200696
xstrcoll,0 15865,18446744073709551615 984135,1722020187 799312,18446744071987531428 200688
xstrcoll,0 15865,0 7,1722020187 799312,0 9
cmp_name,0 15860,0 21,1722020187 799304,0 31
xstrcoll_name,0 15855,0 33,1722020187 799296,0 51
xstrcoll_name,0 15894,18446744073709551615 984106,1722020187 799357,18446744071987531428 200643
cmp_name,0 15901,18446744073709551615 984099,1722020187 799367,18446744071987531428 200633
xstrcoll,0 15907,18446744073709551615 984093,1722020187 799378,18446744071987531428 200622
xstrcoll,0 15907,0 5,1722020187 799378,0 8
cmp_name,0 15901,0 17,1722020187 799367,0 27
xstrcoll_name,0 15894,0 30,1722020187 799357,0 47
xstrcoll_name,0 15934,18446744073709551615 984066,1722020187 799419,18446744071987531428 200581
cmp_name,0 15940,18446744073709551615 984060,1722020187 799428,18446744071987531428 200572
xstrcoll,0 15945,18446744073709551615 984055,1722020187 799436,18446744071987531428 200564
xstrcoll,0 15945,0 5,1722020187 799436,0 8
cmp_name,0 15940,0 15,1722020187 799428,0 24
xstrcoll_name,0 15934,0 26,1722020187 799419,0 41
xstrcoll_name,0 15964,18446744073709551615 984036,1722020187 799467,18446744071987531428 200533
cmp_name,0 15969,18446744073709551615 984031,1722020187 799475,18446744071987531428 200525
xstrcoll,0 15974,18446744073709551615 984026,1722020187 799482,18446744071987531428 200518
xstrcoll,0 15974,0 22,1722020187 799482,0 83
cmp_name,0 15969,0 43,1722020187 799475,0 173
xstrcoll_name,0 15964,0 53,1722020187 799467,0 189
xstrcoll_name,0 16024,18446744073709551615 983976,1722020187 799667,18446744071987531428 200333
cmp_name,0 16029,18446744073709551615 983971,1722020187 799675,18446744071987531428 200325
xstrcoll,0 16039,18446744073709551615 983961,1722020187 799688,18446744071987531428 200312
xstrcoll,0 16039,0 66,1722020187 799688,0 107
cmp_name,0 16029,0 84,1722020187 799675,0 132
xstrcoll_name,0 16024,0 96,1722020187 799667,0 151
xstrcoll_name,0 16128,18446744073709551615 983872,1722020187 799830,18446744071987531428 200170
cmp_name,0 16135,18446744073709551615 983865,1722020187 799841,18446744071987531428 200159
xstrcoll,0 16142,18446744073709551615 983858,1722020187 799852,18446744071987531428 200148
xstrcoll,0 16142,0 7,1722020187 799852,0 11
cmp_name,0 16135,0 22,1722020187 799841,0 33
xstrcoll_name,0 16128,0 35,1722020187 799830,0 55
xstrcoll_name,0 16171,18446744073709551615 983829,1722020187 799897,18446744071987531428 200103
cmp_name,0 16200,18446744073709551615 983800,1722020187 799960,18446744071987531428 200040
xstrcoll,0 16211,18446744073709551615 983789,1722020187 799999,18446744071987531428 200001
xstrcoll,0 16211,0 10,1722020187 799999,0 15
cmp_name,0 16200,0 28,1722020187 799960,0 65
xstrcoll_name,0 16171,0 64,1722020187 799897,0 139
xstrcoll_name,0 16262,18446744073709551615 983738,1722020187 800067,18446744071987531428 199933
cmp_name,0 16269,18446744073709551615 983731,1722020187 800079,18446744071987531428 199921
xstrcoll,0 16277,18446744073709551615 983723,1722020187 800090,18446744071987531428 199910
xstrcoll,0 16277,0 7,1722020187 800090,0 31
cmp_name,0 16269,0 22,1722020187 800079,0 55
xstrcoll_name,0 16262,0 37,1722020187 800067,0 78
xstrcoll_name,0 16305,18446744073709551615 983695,1722020187 800156,18446744071987531428 199844
cmp_name,0 16312,18446744073709551615 983688,1722020187 800167,18446744071987531428 199833
xstrcoll,0 16319,18446744073709551615 983681,1722020187 800178,18446744071987531428 199822
xstrcoll,0 16319,0 8,1722020187 800178,0 12
cmp_name,0 16312,0 22,1722020187 800167,0 34
xstrcoll_name,0 16305,0 36,1722020187 800156,0 56
xstrcoll_name,0 16348,18446744073709551615 983652,1722020187 800223,18446744071987531428 199777
cmp_name,0 16355,18446744073709551615 983645,1722020187 800234,18446744071987531428 199766
xstrcoll,0 16362,18446744073709551615 983638,1722020187 800245,18446744071987531428 199755
xstrcoll,0 16362,0 7,1722020187 800245,0 11
cmp_name,0 16355,0 21,1722020187 800234,0 33
xstrcoll_name,0 16348,0 35,1722020187 800223,0 55
xstrcoll_name,0 16390,18446744073709551615 983610,1722020187 800289,18446744071987531428 199711
cmp_name,0 16397,18446744073709551615 983603,1722020187 800300,18446744071987531428 199700
xstrcoll,0 16405,18446744073709551615 983595,1722020187 800311,18446744071987531428 199689
xstrcoll,0 16405,0 7,1722020187 800311,0 65
cmp_name,0 16397,0 23,1722020187 800300,0 87
xstrcoll_name,0 16390,0 36,1722020187 800289,0 109
xstrcoll_name,0 16433,18446744073709551615 983567,1722020187 800408,18446744071987531428 199592
cmp_name,0 16440,18446744073709551615 983560,1722020187 800419,18446744071987531428 199581
xstrcoll,0 16447,18446744073709551615 983553,1722020187 800430,18446744071987531428 199570
xstrcoll,0 16447,0 7,1722020187 800430,0 11
cmp_name,0 16440,0 22,1722020187 800419,0 33
xstrcoll_name,0 16433,0 35,1722020187 800408,0 55
xstrcoll_name,0 16475,18446744073709551615 983525,1722020187 800474,18446744071987531428 199526
cmp_name,0 16482,18446744073709551615 983518,1722020187 800484,18446744071987531428 199516
xstrcoll,0 16489,18446744073709551615 983511,1722020187 800496,18446744071987531428 199504
xstrcoll,0 16489,0 7,1722020187 800496,0 11
cmp_name,0 16482,0 22,1722020187 800484,0 34
xstrcoll_name,0 16475,0 35,1722020187 800474,0 55
xstrcoll_name,0 16517,18446744073709551615 983483,1722020187 800540,18446744071987531428 199460
cmp_name,0 16524,18446744073709551615 983476,1722020187 800550,18446744071987531428 199450
xstrcoll,0 16548,18446744073709551615 983452,1722020187 800657,18446744071987531428 199343
xstrcoll,0 16548,0 30,1722020187 800657,0 36
cmp_name,0 16524,0 62,1722020187 800550,0 156
xstrcoll_name,0 16517,0 78,1722020187 800540,0 228
mpsort_with_tmp,0 14142,0 2466,1722020187 795708,0 5077
mpsort,0 14136,0 2481,1722020187 795698,0 5100
sort_files,0 12920,0 3703,1722020187 793264,0 7545
print_current_files,0 16630,18446744073709551615 983370,1722020187 800820,18446744071987531428 199180
print_many_per_line,0 16637,18446744073709551615 983363,1722020187 800830,18446744071987531428 199170
calculate_columns,0 16699,18446744073709551615 983301,1722020187 800897,18446744071987531428 199103
init_column_info,0 16705,18446744073709551615 983295,1722020187 800908,18446744071987531428 199092
xnrealloc,0 16718,18446744073709551615 983282,1722020187 800924,18446744071987531428 199076
xreallocarray,0 16729,18446744073709551615 983271,1722020187 800940,18446744071987531428 199060
xreallocarray,0 16729,0 11,1722020187 800940,0 15
xnrealloc,0 16718,0 32,1722020187 800924,0 46
xnmalloc,0 16761,18446744073709551615 983239,1722020187 800985,18446744071987531428 199015
xreallocarray,0 16772,18446744073709551615 983228,1722020187 800999,18446744071987531428 199001
xreallocarray,0 16772,0 10,1722020187 800999,0 17
xnmalloc,0 16761,0 32,1722020187 800985,0 46
init_column_info,0 16705,0 94,1722020187 800908,0 134
length_of_file_name_and_frills,0 16806,18446744073709551615 983194,1722020187 801053,18446744071987531428 198947
fileinfo_name_width,0 16813,18446744073709551615 983187,1722020187 801064,18446744071987531428 198936
fileinfo_name_width,0 16813,0 7,1722020187 801064,0 11
length_of_file_name_and_frills,0 16806,0 21,1722020187 801053,0 32
length_of_file_name_and_frills,0 16833,18446744073709551615 983167,1722020187 801096,18446744071987531428 198904
fileinfo_name_width,0 16840,18446744073709551615 983160,1722020187 801107,18446744071987531428 198893
fileinfo_name_width,0 16840,0 7,1722020187 801107,0 11
length_of_file_name_and_frills,0 16833,0 21,1722020187 801096,0 33
length_of_file_name_and_frills,0 16860,18446744073709551615 983140,1722020187 801139,18446744071987531428 198861
fileinfo_name_width,0 16867,18446744073709551615 983133,1722020187 801150,18446744071987531428 198850
fileinfo_name_width,0 16867,0 7,1722020187 801150,0 11
length_of_file_name_and_frills,0 16860,0 20,1722020187 801139,0 33
length_of_file_name_and_frills,0 16887,18446744073709551615 983113,1722020187 801182,18446744071987531428 198818
fileinfo_name_width,0 16894,18446744073709551615 983106,1722020187 801193,18446744071987531428 198807
fileinfo_name_width,0 16894,0 7,1722020187 801193,0 11
length_of_file_name_and_frills,0 16887,0 20,1722020187 801182,0 32
length_of_file_name_and_frills,0 16914,18446744073709551615 983086,1722020187 801225,18446744071987531428 198775
fileinfo_name_width,0 16921,18446744073709551615 983079,1722020187 801236,18446744071987531428 198764
fileinfo_name_width,0 16921,0 7,1722020187 801236,0 11
length_of_file_name_and_frills,0 16914,0 21,1722020187 801225,0 33
length_of_file_name_and_frills,0 16941,18446744073709551615 983059,1722020187 801268,18446744071987531428 198732
fileinfo_name_width,0 16948,18446744073709551615 983052,1722020187 801279,18446744071987531428 198721
fileinfo_name_width,0 16948,0 7,1722020187 801279,0 11
length_of_file_name_and_frills,0 16941,0 20,1722020187 801268,0 32
length_of_file_name_and_frills,0 16968,18446744073709551615 983032,1722020187 801310,18446744071987531428 198690
fileinfo_name_width,0 16975,18446744073709551615 983025,1722020187 801322,18446744071987531428 198678
fileinfo_name_width,0 16975,0 7,1722020187 801322,0 11
length_of_file_name_and_frills,0 16968,0 20,1722020187 801310,0 33
length_of_file_name_and_frills,0 16995,18446744073709551615 983005,1722020187 801353,18446744071987531428 198647
fileinfo_name_width,0 17002,18446744073709551615 982998,1722020187 801364,18446744071987531428 198636
fileinfo_name_width,0 17002,0 6,1722020187 801364,0 11
length_of_file_name_and_frills,0 16995,0 37,1722020187 801353,0 117
length_of_file_name_and_frills,0 17041,18446744073709551615 982959,1722020187 801730,18446744071987531428 198270
fileinfo_name_width,0 17049,18446744073709551615 982951,1722020187 801741,18446744071987531428 198259
fileinfo_name_width,0 17049,0 5,1722020187 801741,0 9
length_of_file_name_and_frills,0 17041,0 18,1722020187 801730,0 27
length_of_file_name_and_frills,0 17064,18446744073709551615 982936,1722020187 801765,18446744071987531428 198235
fileinfo_name_width,0 17069,18446744073709551615 982931,1722020187 801773,18446744071987531428 198227
fileinfo_name_width,0 17069,0 5,1722020187 801773,0 7
length_of_file_name_and_frills,0 17064,0 14,1722020187 801765,0 23
length_of_file_name_and_frills,0 17083,18446744073709551615 982917,1722020187 801795,18446744071987531428 198205
fileinfo_name_width,0 17088,18446744073709551615 982912,1722020187 801803,18446744071987531428 198197
fileinfo_name_width,0 17088,0 5,1722020187 801803,0 7
length_of_file_name_and_frills,0 17083,0 15,1722020187 801795,0 23
length_of_file_name_and_frills,0 17102,18446744073709551615 982898,1722020187 801825,18446744071987531428 198175
fileinfo_name_width,0 17268,18446744073709551615 982732,1722020187 801995,18446744071987531428 198005
fileinfo_name_width,0 17268,0 5,1722020187 801995,0 8
length_of_file_name_and_frills,0 17102,0 175,1722020187 801825,0 185
length_of_file_name_and_frills,0 17282,18446744073709551615 982718,1722020187 802018,18446744071987531428 197982
fileinfo_name_width,0 17287,18446744073709551615 982713,1722020187 802025,18446744071987531428 197975
fileinfo_name_width,0 17287,0 5,1722020187 802025,0 8
length_of_file_name_and_frills,0 17282,0 15,1722020187 802018,0 22
length_of_file_name_and_frills,0 17302,18446744073709551615 982698,1722020187 802049,18446744071987531428 197951
fileinfo_name_width,0 17307,18446744073709551615 982693,1722020187 802056,18446744071987531428 197944
fileinfo_name_width,0 17307,0 5,1722020187 802056,0 8
length_of_file_name_and_frills,0 17302,0 15,1722020187 802049,0 22
length_of_file_name_and_frills,0 17355,18446744073709551615 982645,1722020187 802113,18446744071987531428 197887
fileinfo_name_width,0 17362,18446744073709551615 982638,1722020187 802123,18446744071987531428 197877
fileinfo_name_width,0 17362,0 5,1722020187 802123,0 8
length_of_file_name_and_frills,0 17355,0 17,1722020187 802113,0 34
calculate_columns,0 16699,0 677,1722020187 800897,0 1258
length_of_file_name_and_frills,0 17381,18446744073709551615 982619,1722020187 802163,18446744071987531428 197837
fileinfo_name_width,0 17386,18446744073709551615 982614,1722020187 802170,18446744071987531428 197830
fileinfo_name_width,0 17386,0 6,1722020187 802170,0 9
length_of_file_name_and_frills,0 17381,0 15,1722020187 802163,0 23
print_file_name_and_frills,0 17401,18446744073709551615 982599,1722020187 802193,18446744071987531428 197807
set_normal_color,0 17406,18446744073709551615 982594,1722020187 802202,18446744071987531428 197798
set_normal_color,0 17406,0 6,1722020187 802202,0 8
print_name_with_quoting,0 17416,18446744073709551615 982584,1722020187 802217,18446744071987531428 197783
quote_name,0 17500,18446744073709551615 982500,1722020187 802404,18446744071987531428 197596
quote_name_buf,0 17505,18446744073709551615 982495,1722020187 802412,18446744071987531428 197588
get_quoting_style,0 17514,18446744073709551615 982486,1722020187 802424,18446744071987531428 197576
get_quoting_style,0 17514,0 7,1722020187 802424,0 10
quote_name_buf,0 17505,0 21,1722020187 802412,0 30
quote_name,0 17500,0 31,1722020187 802404,0 57
process_signals,0 17536,18446744073709551615 982464,1722020187 802469,18446744071987531428 197531
process_signals,0 17536,0 33,1722020187 802469,0 36
print_name_with_quoting,0 17416,0 161,1722020187 802217,0 298
print_file_name_and_frills,0 17401,0 180,1722020187 802193,0 330
indent,0 17586,18446744073709551615 982414,1722020187 802531,18446744071987531428 197469
indent,0 17586,0 5,1722020187 802531,0 9
length_of_file_name_and_frills,0 17596,18446744073709551615 982404,1722020187 802547,18446744071987531428 197453
fileinfo_name_width,0 17614,18446744073709551615 982386,1722020187 802646,18446744071987531428 197354
fileinfo_name_width,0 17614,0 5,1722020187 802646,0 8
length_of_file_name_and_frills,0 17596,0 28,1722020187 802547,0 115
print_file_name_and_frills,0 17629,18446744073709551615 982371,1722020187 802669,18446744071987531428 197331
set_normal_color,0 17647,18446744073709551615 982353,1722020187 802692,18446744071987531428 197308
set_normal_color,0 17647,0 6,1722020187 802692,0 8
print_name_with_quoting,0 17658,18446744073709551615 982342,1722020187 802708,18446744071987531428 197292
quote_name,0 17663,18446744073709551615 982337,1722020187 802716,18446744071987531428 197284
quote_name_buf,0 17667,18446744073709551615 982333,1722020187 802723,18446744071987531428 197277
get_quoting_style,0 17841,18446744073709551615 982159,1722020187 802901,18446744071987531428 197099
get_quoting_style,0 17841,0 9,1722020187 802901,0 12
quote_name_buf,0 17667,0 188,1722020187 802723,0 198
quote_name,0 17663,0 271,1722020187 802716,0 285
process_signals,0 17977,18446744073709551615 982023,1722020187 803052,18446744071987531428 196948
process_signals,0 17977,0 7,1722020187 803052,0 9
print_name_with_quoting,0 17658,0 331,1722020187 802708,0 361
print_file_name_and_frills,0 17629,0 366,1722020187 802669,0 409
indent,0 18000,18446744073709551615 982000,1722020187 803086,18446744071987531428 196914
indent,0 18000,0 75,1722020187 803086,0 79
length_of_file_name_and_frills,0 18080,18446744073709551615 981920,1722020187 803173,18446744071987531428 196827
fileinfo_name_width,0 18086,18446744073709551615 981914,1722020187 803182,18446744071987531428 196818
fileinfo_name_width,0 18086,0 5,1722020187 803182,0 8
length_of_file_name_and_frills,0 18080,0 16,1722020187 803173,0 25
print_file_name_and_frills,0 18101,18446744073709551615 981899,1722020187 803205,18446744071987531428 196795
set_normal_color,0 18107,18446744073709551615 981893,1722020187 803214,18446744071987531428 196786
set_normal_color,0 18107,0 57,1722020187 803214,0 60
print_name_with_quoting,0 18169,18446744073709551615 981831,1722020187 803282,18446744071987531428 196718
quote_name,0 18174,18446744073709551615 981826,1722020187 803290,18446744071987531428 196710
quote_name_buf,0 18179,18446744073709551615 981821,1722020187 803307,18446744071987531428 196693
get_quoting_style,0 18188,18446744073709551615 981812,1722020187 803318,18446744071987531428 196682
get_quoting_style,0 18188,0 7,1722020187 803318,0 10
quote_name_buf,0 18179,0 21,1722020187 803307,0 29
quote_name,0 18174,0 30,1722020187 803290,0 54
process_signals,0 18210,18446744073709551615 981790,1722020187 803353,18446744071987531428 196647
process_signals,0 18210,0 6,1722020187 803353,0 8
print_name_with_quoting,0 18169,0 52,1722020187 803282,0 87
print_file_name_and_frills,0 18101,0 126,1722020187 803205,0 173
indent,0 18234,18446744073709551615 981766,1722020187 803390,18446744071987531428 196610
indent,0 18234,0 5,1722020187 803390,0 42
length_of_file_name_and_frills,0 18244,18446744073709551615 981756,1722020187 803440,18446744071987531428 196560
fileinfo_name_width,0 18250,18446744073709551615 981750,1722020187 803449,18446744071987531428 196551
fileinfo_name_width,0 18250,0 5,1722020187 803449,0 8
length_of_file_name_and_frills,0 18244,0 16,1722020187 803440,0 24
print_file_name_and_frills,0 18264,18446744073709551615 981736,1722020187 803472,18446744071987531428 196528
set_normal_color,0 18270,18446744073709551615 981730,1722020187 803480,18446744071987531428 196520
set_normal_color,0 18270,0 5,1722020187 803480,0 9
print_name_with_quoting,0 18280,18446744073709551615 981720,1722020187 803496,18446744071987531428 196504
quote_name,0 18285,18446744073709551615 981715,1722020187 803504,18446744071987531428 196496
quote_name_buf,0 18289,18446744073709551615 981711,1722020187 803511,18446744071987531428 196489
get_quoting_style,0 18298,18446744073709551615 981702,1722020187 803522,18446744071987531428 196478
get_quoting_style,0 18298,0 7,1722020187 803522,0 10
quote_name_buf,0 18289,0 37,1722020187 803511,0 110
quote_name,0 18285,0 45,1722020187 803504,0 125
process_signals,0 18336,18446744073709551615 981664,1722020187 803637,18446744071987531428 196363
process_signals,0 18336,0 37,1722020187 803637,0 307
print_name_with_quoting,0 18280,0 124,1722020187 803496,0 652
print_file_name_and_frills,0 18264,0 264,1722020187 803472,0 1132
indent,0 18586,18446744073709551615 981414,1722020187 804752,18446744071987531428 195248
indent,0 18586,0 23,1722020187 804752,0 66
length_of_file_name_and_frills,0 18622,18446744073709551615 981378,1722020187 804901,18446744071987531428 195099
fileinfo_name_width,0 18640,18446744073709551615 981360,1722020187 804955,18446744071987531428 195045
fileinfo_name_width,0 18640,0 19,1722020187 804955,0 61
length_of_file_name_and_frills,0 18622,0 57,1722020187 804901,0 175
print_file_name_and_frills,0 18697,18446744073709551615 981303,1722020187 805132,18446744071987531428 194868
set_normal_color,0 18717,18446744073709551615 981283,1722020187 805264,18446744071987531428 194736
set_normal_color,0 18717,0 19,1722020187 805264,0 62
print_name_with_quoting,0 18759,18446744073709551615 981241,1722020187 805395,18446744071987531428 194605
quote_name,0 18768,18446744073709551615 981232,1722020187 805472,18446744071987531428 194528
quote_name_buf,0 18774,18446744073709551615 981226,1722020187 805544,18446744071987531428 194456
get_quoting_style,0 18811,18446744073709551615 981189,1722020187 805653,18446744071987531428 194347
get_quoting_style,0 18811,0 23,1722020187 805653,0 53
quote_name_buf,0 18774,0 91,1722020187 805544,0 273
quote_name,0 18768,0 109,1722020187 805472,0 398
process_signals,0 18891,18446744073709551615 981109,1722020187 805928,18446744071987531428 194072
process_signals,0 18891,0 12,1722020187 805928,0 60
print_name_with_quoting,0 18759,0 158,1722020187 805395,0 664
print_file_name_and_frills,0 18697,0 229,1722020187 805132,0 997
indent,0 18936,18446744073709551615 981064,1722020187 806176,18446744071987531428 193824
indent,0 18936,0 20,1722020187 806176,0 65
length_of_file_name_and_frills,0 18976,18446744073709551615 981024,1722020187 806304,18446744071987531428 193696
fileinfo_name_width,0 18992,18446744073709551615 981008,1722020187 806356,18446744071987531428 193644
fileinfo_name_width,0 18992,0 16,1722020187 806356,0 58
length_of_file_name_and_frills,0 18976,0 47,1722020187 806304,0 154
print_file_name_and_frills,0 19038,18446744073709551615 980962,1722020187 806509,18446744071987531428 193491
set_normal_color,0 19059,18446744073709551615 980941,1722020187 806573,18446744071987531428 193427
set_normal_color,0 19059,0 17,1722020187 806573,0 61
print_name_with_quoting,0 19095,18446744073709551615 980905,1722020187 806694,18446744071987531428 193306
quote_name,0 19110,18446744073709551615 980890,1722020187 806779,18446744071987531428 193221
quote_name_buf,0 19129,18446744073709551615 980871,1722020187 806841,18446744071987531428 193159
get_quoting_style,0 19161,18446744073709551615 980839,1722020187 806933,18446744071987531428 193067
get_quoting_style,0 19161,0 31,1722020187 806933,0 88
quote_name_buf,0 19129,0 91,1722020187 806841,0 259
quote_name,0 19110,0 137,1722020187 806779,0 404
process_signals,0 19272,18446744073709551615 980728,1722020187 807262,18446744071987531428 192738
process_signals,0 19272,0 22,1722020187 807262,0 69
print_name_with_quoting,0 19095,0 220,1722020187 806694,0 711
print_file_name_and_frills,0 19038,0 302,1722020187 806509,0 974
indent,0 19360,18446744073709551615 980640,1722020187 807554,18446744071987531428 192446
indent,0 19360,0 24,1722020187 807554,0 82
length_of_file_name_and_frills,0 19407,18446744073709551615 980593,1722020187 807712,18446744071987531428 192288
fileinfo_name_width,0 19431,18446744073709551615 980569,1722020187 807788,18446744071987531428 192212
fileinfo_name_width,0 19431,0 23,1722020187 807788,0 75
length_of_file_name_and_frills,0 19407,0 70,1722020187 807712,0 224
print_file_name_and_frills,0 19498,18446744073709551615 980502,1722020187 808010,18446744071987531428 191990
set_normal_color,0 19519,18446744073709551615 980481,1722020187 808085,18446744071987531428 191915
set_normal_color,0 19519,0 33,1722020187 808085,0 487
print_name_with_quoting,0 19558,18446744073709551615 980442,1722020187 808691,18446744071987531428 191309
quote_name,0 19570,18446744073709551615 980430,1722020187 808816,18446744071987531428 191184
quote_name_buf,0 19578,18446744073709551615 980422,1722020187 809022,18446744071987531428 190978
get_quoting_style,0 19598,18446744073709551615 980402,1722020187 809071,18446744071987531428 190929
get_quoting_style,0 19598,0 15,1722020187 809071,0 1913
quote_name_buf,0 19578,0 43,1722020187 809022,0 2165
quote_name,0 19570,0 69,1722020187 808816,0 8319
process_signals,0 19675,18446744073709551615 980325,1722020187 817308,18446744071987531428 182692
process_signals,0 19675,0 32,1722020187 817308,0 100
print_name_with_quoting,0 19558,0 170,1722020187 808691,0 8830
print_file_name_and_frills,0 19498,0 247,1722020187 808010,0 9642
indent,0 19770,18446744073709551615 980230,1722020187 817820,18446744071987531428 182180
indent,0 19770,0 23,1722020187 817820,0 91
length_of_file_name_and_frills,0 19817,18446744073709551615 980183,1722020187 818023,18446744071987531428 181977
fileinfo_name_width,0 19838,18446744073709551615 980162,1722020187 818347,18446744071987531428 181653
fileinfo_name_width,0 19838,0 21,1722020187 818347,0 121
length_of_file_name_and_frills,0 19817,0 72,1722020187 818023,0 655
print_file_name_and_frills,0 19915,18446744073709551615 980085,1722020187 820067,18446744071987531428 179933
set_normal_color,0 19936,18446744073709551615 980064,1722020187 820186,18446744071987531428 179814
set_normal_color,0 19936,0 24,1722020187 820186,0 139
print_name_with_quoting,0 19981,18446744073709551615 980019,1722020187 820450,18446744071987531428 179550
quote_name,0 20002,18446744073709551615 979998,1722020187 820566,18446744071987531428 179434
quote_name_buf,0 20023,18446744073709551615 979977,1722020187 820667,18446744071987531428 179333
get_quoting_style,0 20049,18446744073709551615 979951,1722020187 820770,18446744071987531428 179230
get_quoting_style,0 20049,0 27,1722020187 820770,0 89
quote_name_buf,0 20023,0 71,1722020187 820667,0 446
quote_name,0 20002,0 152,1722020187 820566,0 860
process_signals,0 20214,18446744073709551615 979786,1722020187 821566,18446744071987531428 178434
process_signals,0 20214,0 22,1722020187 821566,0 82
print_name_with_quoting,0 19981,0 289,1722020187 820450,0 1311
print_file_name_and_frills,0 19915,0 382,1722020187 820067,0 1789
indent,0 20318,18446744073709551615 979682,1722020187 821941,18446744071987531428 178059
indent,0 20318,0 31,1722020187 821941,0 95
length_of_file_name_and_frills,0 20380,18446744073709551615 979620,1722020187 822159,18446744071987531428 177841
fileinfo_name_width,0 20399,18446744073709551615 979601,1722020187 822244,18446744071987531428 177756
fileinfo_name_width,0 20399,0 20,1722020187 822244,0 129
length_of_file_name_and_frills,0 20380,0 65,1722020187 822159,0 316
print_file_name_and_frills,0 20469,18446744073709551615 979531,1722020187 822773,18446744071987531428 177227
set_normal_color,0 20491,18446744073709551615 979509,1722020187 822852,18446744071987531428 177148
set_normal_color,0 20491,0 22,1722020187 822852,0 73
print_name_with_quoting,0 20536,18446744073709551615 979464,1722020187 822995,18446744071987531428 177005
quote_name,0 20557,18446744073709551615 979443,1722020187 823064,18446744071987531428 176936
quote_name_buf,0 20578,18446744073709551615 979422,1722020187 823135,18446744071987531428 176865
get_quoting_style,0 20603,18446744073709551615 979397,1722020187 823209,18446744071987531428 176791
get_quoting_style,0 20603,0 27,1722020187 823209,0 82
quote_name_buf,0 20578,0 74,1722020187 823135,0 236
quote_name,0 20557,0 121,1722020187 823064,0 390
process_signals,0 20705,18446744073709551615 979295,1722020187 823539,18446744071987531428 176461
process_signals,0 20705,0 23,1722020187 823539,0 77
print_name_with_quoting,0 20536,0 210,1722020187 822995,0 680
print_file_name_and_frills,0 20469,0 298,1722020187 822773,0 973
indent,0 20798,18446744073709551615 979202,1722020187 824566,18446744071987531428 175434
indent,0 20798,0 14,1722020187 824566,0 53
length_of_file_name_and_frills,0 20827,18446744073709551615 979173,1722020187 824668,18446744071987531428 175332
fileinfo_name_width,0 20845,18446744073709551615 979155,1722020187 824722,18446744071987531428 175278
fileinfo_name_width,0 20845,0 17,1722020187 824722,0 36
length_of_file_name_and_frills,0 20827,0 76,1722020187 824668,0 165
print_file_name_and_frills,0 20917,18446744073709551615 979083,1722020187 824866,18446744071987531428 175134
set_normal_color,0 20936,18446744073709551615 979064,1722020187 824926,18446744071987531428 175074
set_normal_color,0 20936,0 15,1722020187 824926,0 33
print_name_with_quoting,0 20968,18446744073709551615 979032,1722020187 824992,18446744071987531428 175008
quote_name,0 20986,18446744073709551615 979014,1722020187 825041,18446744071987531428 174959
quote_name_buf,0 21002,18446744073709551615 978998,1722020187 825093,18446744071987531428 174907
get_quoting_style,0 21020,18446744073709551615 978980,1722020187 825135,18446744071987531428 174865
get_quoting_style,0 21020,0 21,1722020187 825135,0 207
quote_name_buf,0 21002,0 56,1722020187 825093,0 454
quote_name,0 20986,0 89,1722020187 825041,0 610
process_signals,0 21087,18446744073709551615 978913,1722020187 825686,18446744071987531428 174314
process_signals,0 21087,0 18,1722020187 825686,0 37
print_name_with_quoting,0 20968,0 152,1722020187 824992,0 764
print_file_name_and_frills,0 20917,0 217,1722020187 824866,0 925
indent,0 21154,18446744073709551615 978846,1722020187 825833,18446744071987531428 174167
indent,0 21154,0 39,1722020187 825833,0 60
length_of_file_name_and_frills,0 21208,18446744073709551615 978792,1722020187 825928,18446744071987531428 174072
fileinfo_name_width,0 21222,18446744073709551615 978778,1722020187 825963,18446744071987531428 174037
fileinfo_name_width,0 21222,0 17,1722020187 825963,0 38
length_of_file_name_and_frills,0 21208,0 47,1722020187 825928,0 109
print_file_name_and_frills,0 21272,18446744073709551615 978728,1722020187 826071,18446744071987531428 173929
set_normal_color,0 21287,18446744073709551615 978713,1722020187 826121,18446744071987531428 173879
set_normal_color,0 21287,0 13,1722020187 826121,0 30
print_name_with_quoting,0 21312,18446744073709551615 978688,1722020187 826179,18446744071987531428 173821
quote_name,0 21328,18446744073709551615 978672,1722020187 826731,18446744071987531428 173269
quote_name_buf,0 21344,18446744073709551615 978656,1722020187 826898,18446744071987531428 173102
get_quoting_style,0 21363,18446744073709551615 978637,1722020187 827261,18446744071987531428 172739
get_quoting_style,0 21363,0 21,1722020187 827261,0 188
quote_name_buf,0 21344,0 62,1722020187 826898,0 818
quote_name,0 21328,0 93,1722020187 826731,0 1105
process_signals,0 21435,18446744073709551615 978565,1722020187 828030,18446744071987531428 171970
process_signals,0 21435,0 28,1722020187 828030,0 202
print_name_with_quoting,0 21312,0 174,1722020187 826179,0 2147
print_file_name_and_frills,0 21272,0 236,1722020187 826071,0 2333
indent,0 21533,18446744073709551615 978467,1722020187 828493,18446744071987531428 171507
indent,0 21533,0 25,1722020187 828493,0 87
length_of_file_name_and_frills,0 21583,18446744073709551615 978417,1722020187 828667,18446744071987531428 171333
fileinfo_name_width,0 21608,18446744073709551615 978392,1722020187 828758,18446744071987531428 171242
fileinfo_name_width,0 21608,0 17,1722020187 828758,0 288
length_of_file_name_and_frills,0 21583,0 60,1722020187 828667,0 470
print_file_name_and_frills,0 21659,18446744073709551615 978341,1722020187 829286,18446744071987531428 170714
set_normal_color,0 21678,18446744073709551615 978322,1722020187 829375,18446744071987531428 170625
set_normal_color,0 21678,0 20,1722020187 829375,0 102
print_name_with_quoting,0 21720,18446744073709551615 978280,1722020187 829751,18446744071987531428 170249
quote_name,0 21736,18446744073709551615 978264,1722020187 829866,18446744071987531428 170134
quote_name_buf,0 21751,18446744073709551615 978249,1722020187 830106,18446744071987531428 169894
get_quoting_style,0 21781,18446744073709551615 978219,1722020187 830529,18446744071987531428 169471
get_quoting_style,0 21781,0 45,1722020187 830529,0 141
quote_name_buf,0 21751,0 86,1722020187 830106,0 659
quote_name,0 21736,0 115,1722020187 829866,0 960
process_signals,0 21864,18446744073709551615 978136,1722020187 830872,18446744071987531428 169128
process_signals,0 21864,0 13,1722020187 830872,0 50
print_name_with_quoting,0 21720,0 170,1722020187 829751,0 1229
print_file_name_and_frills,0 21659,0 244,1722020187 829286,0 1738
indent,0 21915,18446744073709551615 978085,1722020187 831076,18446744071987531428 168924
indent,0 21915,0 13,1722020187 831076,0 54
length_of_file_name_and_frills,0 21941,18446744073709551615 978059,1722020187 831350,18446744071987531428 168650
fileinfo_name_width,0 21949,18446744073709551615 978051,1722020187 835387,18446744071987531428 164613
fileinfo_name_width,0 21949,0 7,1722020187 835387,0 10
length_of_file_name_and_frills,0 21941,0 20,1722020187 831350,0 4055
print_file_name_and_frills,0 21966,18446744073709551615 978034,1722020187 835414,18446744071987531428 164586
set_normal_color,0 22036,18446744073709551615 977964,1722020187 835520,18446744071987531428 164480
set_normal_color,0 22036,0 15,1722020187 835520,0 22
print_name_with_quoting,0 22060,18446744073709551615 977940,1722020187 835556,18446744071987531428 164444
quote_name,0 22075,18446744073709551615 977925,1722020187 835594,18446744071987531428 164406
quote_name_buf,0 22086,18446744073709551615 977914,1722020187 835610,18446744071987531428 164390
get_quoting_style,0 22106,18446744073709551615 977894,1722020187 835635,18446744071987531428 164365
get_quoting_style,0 22106,0 25,1722020187 835635,0 33
quote_name_buf,0 22086,0 55,1722020187 835610,0 73
quote_name,0 22075,0 74,1722020187 835594,0 104
process_signals,0 22159,18446744073709551615 977841,1722020187 835712,18446744071987531428 164288
process_signals,0 22159,0 19,1722020187 835712,0 25
print_name_with_quoting,0 22060,0 127,1722020187 835556,0 194
print_file_name_and_frills,0 21966,0 229,1722020187 835414,0 350
indent,0 22204,18446744073709551615 977796,1722020187 835777,18446744071987531428 164223
indent,0 22204,0 16,1722020187 835777,0 23
length_of_file_name_and_frills,0 22228,18446744073709551615 977772,1722020187 835813,18446744071987531428 164187
fileinfo_name_width,0 22238,18446744073709551615 977762,1722020187 835828,18446744071987531428 164172
fileinfo_name_width,0 22238,0 14,1722020187 835828,0 23
length_of_file_name_and_frills,0 22228,0 39,1722020187 835813,0 59
print_file_name_and_frills,0 22280,18446744073709551615 977720,1722020187 835892,18446744071987531428 164108
set_normal_color,0 22290,18446744073709551615 977710,1722020187 835907,18446744071987531428 164093
set_normal_color,0 22290,0 9,1722020187 835907,0 15
print_name_with_quoting,0 22312,18446744073709551615 977688,1722020187 835959,18446744071987531428 164041
quote_name,0 22322,18446744073709551615 977678,1722020187 835974,18446744071987531428 164026
quote_name_buf,0 22331,18446744073709551615 977669,1722020187 835988,18446744071987531428 164012
get_quoting_style,0 22349,18446744073709551615 977651,1722020187 836011,18446744071987531428 163989
get_quoting_style,0 22349,0 14,1722020187 836011,0 20
quote_name_buf,0 22331,0 40,1722020187 835988,0 57
quote_name,0 22322,0 57,1722020187 835974,0 84
process_signals,0 22389,18446744073709551615 977611,1722020187 836073,18446744071987531428 163927
process_signals,0 22389,0 10,1722020187 836073,0 14
print_name_with_quoting,0 22312,0 95,1722020187 835959,0 141
print_file_name_and_frills,0 22280,0 135,1722020187 835892,0 221
indent,0 22425,18446744073709551615 977575,1722020187 836131,18446744071987531428 163869
indent,0 22425,0 10,1722020187 836131,0 15
length_of_file_name_and_frills,0 22443,18446744073709551615 977557,1722020187 836159,18446744071987531428 163841
fileinfo_name_width,0 22452,18446744073709551615 977548,1722020187 836173,18446744071987531428 163827
fileinfo_name_width,0 22452,0 9,1722020187 836173,0 14
length_of_file_name_and_frills,0 22443,0 86,1722020187 836159,0 204
print_file_name_and_frills,0 22535,18446744073709551615 977465,1722020187 836372,18446744071987531428 163628
set_normal_color,0 22541,18446744073709551615 977459,1722020187 836382,18446744071987531428 163618
set_normal_color,0 22541,0 6,1722020187 836382,0 9
print_name_with_quoting,0 22552,18446744073709551615 977448,1722020187 836400,18446744071987531428 163600
quote_name,0 22653,18446744073709551615 977347,1722020187 836591,18446744071987531428 163409
quote_name_buf,0 22672,18446744073709551615 977328,1722020187 836622,18446744071987531428 163378
get_quoting_style,0 22716,18446744073709551615 977284,1722020187 836673,18446744071987531428 163327
get_quoting_style,0 22716,0 33,1722020187 836673,0 40
quote_name_buf,0 22672,0 91,1722020187 836622,0 129
quote_name,0 22653,0 177,1722020187 836591,0 235
process_signals,0 22838,18446744073709551615 977162,1722020187 836838,18446744071987531428 163162
process_signals,0 22838,0 6,1722020187 836838,0 9
print_name_with_quoting,0 22552,0 297,1722020187 836400,0 455
print_file_name_and_frills,0 22535,0 319,1722020187 836372,0 491
print_many_per_line,0 16637,0 6222,1722020187 800830,0 36060
print_current_files,0 16630,0 6235,1722020187 800820,0 36079
print_dir,0 8976,0 13965,1722020187 784377,0 52803
free_pending_ent,0 22949,18446744073709551615 977051,1722020187 837192,18446744071987531428 162808
rpl_free,0 22957,18446744073709551615 977043,1722020187 837203,18446744071987531428 162797
rpl_free,0 22957,0 7,1722020187 837203,0 11
rpl_free,0 23068,18446744073709551615 976932,1722020187 837328,18446744071987531428 162672
rpl_free,0 23068,0 14,1722020187 837328,0 23
rpl_free,0 23092,18446744073709551615 976908,1722020187 837366,18446744071987531428 162634
rpl_free,0 23092,0 14,1722020187 837366,0 78
free_pending_ent,0 22949,0 169,1722020187 837192,0 270
close_stdout,0 23135,18446744073709551615 976865,1722020187 837679,18446744071987531428 162321
close_stream,0 23157,18446744073709551615 976843,1722020187 837707,18446744071987531428 162293
rpl_fclose,0 23172,18446744073709551615 976828,1722020187 837733,18446744071987531428 162267
rpl_fflush,0 23186,18446744073709551615 976814,1722020187 837753,18446744071987531428 162247
rpl_fflush,0 23186,0 13,1722020187 837753,0 19
rpl_fclose,0 23172,0 40,1722020187 837733,0 62
close_stream,0 23157,0 71,1722020187 837707,0 220
close_stream,0 23261,18446744073709551615 976739,1722020187 837963,18446744071987531428 162037
rpl_fflush,0 23269,18446744073709551615 976731,1722020187 837975,18446744071987531428 162025
rpl_fflush,0 23269,0 8,1722020187 837975,0 11
rpl_fclose,0 23261,0 25,1722020187 837963,0 37
close_stream,0 23135,0 159,1722020187 837679,0 331
